  0.6	 72.6	111	66	  1.1	 5.49
  1.5	 80.9	106	63	  6.0	 5.39
  2.2	 85.7	102	65	 14.9	 6.58
  2.9	 85.7	105	65	 19.4	 6.80
  3.6	 83.3	107	65	 23.8	 6.61
  4.3	 78.9	109	66	 28.0	 6.02
  5.1	 73.2	108	66	 32.5	 6.89
  5.9	 74.8	106	64	 36.2	 6.54
  6.7	 81.5	104	63	 40.6	 7.90
  7.4	 82.6	103	63	 44.5	 7.35
  8.2	 80.2	107	63	 48.2	 8.02
  8.9	 79.4	109	63	 51.6	 9.36
  9.7	 77.1	109	64	 54.4	 8.55
 10.4	 83.6	107	63	 57.5	 8.30
 11.2	 89.3	105	64	 60.7	 8.38
 11.8	 92.0	106	65	 64.2	 9.18
 12.5	 92.9	110	68	 67.4	10.11
 13.1	 86.5	114	70	 70.8	 8.40
 13.8	 75.2	119	71	 74.3	10.13
 14.6	 71.8	118	70	 77.3	10.37
 15.5	 77.3	115	69	 80.1	 8.03
 16.2	 80.6	113	70	 83.5	10.24
 17.0	 76.5	115	70	 86.8	10.76
 17.8	 73.9	117	68	 89.7	10.25
 18.6	 73.7	116	68	 92.7	 8.89
 19.4	 80.0	114	67	 96.1	 9.47
 20.1	 85.7	110	68	 99.5	 9.24
 20.8	 89.6	110	69	103.0	10.29
 21.5	 90.1	114	71	106.4	 9.87
 22.2	 86.7	118	73	109.8	10.00
 22.9	 80.2	120	73	113.1	 8.70
 23.6	 77.7	120	72	116.5	10.38
 24.4	 82.6	118	72	120.3	10.03
 25.1	 82.0	116	73	123.8	 8.51
 25.8	 76.1	119	73	127.0	 9.26
 26.6	 67.4	120	71	130.6	 9.81
 27.5	 66.8	119	68	134.0	 9.60
 28.4	 74.3	115	67	137.7	10.30
 29.2	 78.1	110	69	141.1	10.04
 30.0	 81.7	111	69	144.3	11.28
 30.7	 79.2	113	71	147.1	11.46
 31.5	 78.3	115	71	149.7	12.55
 32.3	 76.3	114	71	153.2	 9.39
 33.0	 82.0	114	71	156.3	11.93
 33.8	 81.7	113	73	159.6	11.58
 34.5	 74.1	117	73	162.8	10.34
 35.3	 68.5	119	73	166.1	11.45
 36.2	 70.4	118	71	169.2	 8.59
 37.0	 78.9	112	71	174.6	10.77
 37.8	 78.1	112	74	177.8	10.93
 38.6	 75.0	116	73	180.9	11.58
 39.4	 73.5	116	74	184.2	10.33
 40.2	 72.1	117	74	187.3	10.95
 41.0	 81.1	112	73	190.0	11.58
 41.8	 83.3	111	75	192.7	12.93
 42.5	 79.4	115	77	195.3	11.43
 43.2	 73.7	118	77	198.1	11.72
 44.1	 71.3	120	77	201.0	10.15
 44.9	 77.7	116	76	203.9	10.96
 45.7	 80.2	112	78	206.9	10.80
 46.4	 74.3	115	79	210.0	10.55
 47.2	 72.1	117	78	213.7	13.71
 48.1	 76.3	114	77	217.0	11.99
 48.8	 82.0	109	78	220.2	11.88
 49.6	 82.9	110	79	223.3	10.54
 50.3	 77.5	114	80	226.9	13.15
 51.1	 74.1	116	80	230.1	12.82
 51.9	 79.4	114	79	233.1	11.89
 52.6	 78.1	112	81	236.3	11.41
 53.4	 71.4	115	81	239.8	12.56
 54.2	 73.5	115	79	243.3	12.14
 55.1	 78.1	110	79	246.3	11.59
 55.8	 75.0	112	80	249.8	12.49
 56.6	 73.0	113	80	253.0	11.58
 57.5	 78.9	110	80	256.4	14.59
 58.2	 84.0	105	80	259.3	12.54
 58.9	 80.4	108	81	262.2	10.52
 59.7	 76.9	111	81	265.6	 9.75
 60.5	 76.7	112	81	269.4	12.80
 61.2	 83.1	108	80	272.4	13.31
 62.0	 82.2	108	81	275.4	14.34
 62.7	 76.7	111	82	278.2	11.83
 63.5	 72.3	112	82	281.1	13.64
 64.3	 78.5	110	80	283.8	13.11
 65.1	 85.0	105	82	286.6	13.19
 65.8	 82.2	107	83	289.5	13.16
 66.5	 83.1	112	83	292.6	11.85
 67.2	 85.7	111	84	295.5	13.93
 67.9	 91.2	109	84
 68.6	 90.1	112	86
 69.2	 84.3	118	87
 70.0	 74.6	122	88
 70.8	 74.6	123	86
 71.6	 80.0	119	86
 72.3	 73.7	118	88
 73.1	 69.3	120	86
 74.0	 69.4	119	85
 74.9	 80.6	112	84
 75.6	 78.5	111	86
 76.4	 75.4	114	86
 77.2	 78.9	113	86
 77.9	 84.5	110	86
 78.6	 79.2	112	87
 79.4	 73.9	114	87
 80.2	 77.7	113	85
 81.0	 78.5	110	86
 81.7	 73.2	111	86
 82.6	 69.8	113	86
 83.4	 74.6	110	85
 84.2	 84.0	104	85
 84.9	 84.3	106	86
 85.6	 82.4	112	87
 86.4	 78.1	115	89
 87.1	 82.9	112	87
 87.9	 80.0	113	89
 88.6	 71.9	116	89
 89.5	 70.8	116	89
 90.3	 76.5	110	87
 91.1	 73.2	109	88
 91.9	 71.1	110	87
 92.7	 75.8	106	87
 93.5	 82.0	102	86
 94.3	 80.2	104	87
 95.0	 81.3	107	87
 95.8	 78.5	107	88
 96.5	 87.2	104	87
 97.2	 86.2	104	88
 97.9	 77.3	108	88
 98.7	 72.1	111	88
 99.5	 74.3	109	87
100.3	 80.2	103	87
101.1	 80.0	106	87
101.8	 75.0	109	88
102.6	 72.8	110	87
103.4	 81.7	106	87
104.2	 82.9	107	88
104.9	 79.4	112	89
105.7	 80.0	116	90
106.4	 83.8	115	90
107.1	 90.1	110	92
107.8	 89.6	113	93
108.5	 83.8	117	94
109.2	 74.6	119	95
110.0	 80.6	119	92
110.7	 80.4	117	93
111.5	 72.1	119	95
112.3	 67.3	121	93
113.2	 74.8	117	92
114.0	 81.3	110	93
114.7	 81.7	110	93
115.5	 78.9	113	93
116.2	 76.1	112	93
117.0	 80.6	108	91
117.8	 79.8	108	90
118.5	 71.8	111	90
119.3	 65.5	112	90
120.3	 67.6	109	89
121.2	 73.2	102	88
122.0	 71.4	102	87
122.8	 70.8	103	86
123.7	 73.7	101	86
124.5	 79.2	98	85
125.2	 75.2	99	85
126.0	 68.5	101	85
126.9	 74.8	99	84
127.7	 83.1	95	85
128.4	 81.5	96	84
129.2	 76.1	100	84
130.0	 72.8	100	85
130.8	 77.1	99	84
131.6	 78.1	98	85
132.3	 74.3	101	86
133.1	 70.8	103	86
134.0	 75.6	101	86
134.8	 81.3	96	87
135.5	 82.2	98	86
136.2	 76.3	101	87
137.0	 73.3	103	86
137.8	 75.2	101	86
138.6	 79.6	100	87
139.4	 73.9	103	87
140.2	 69.8	105	88
141.1	 74.4	102	88
141.9	 82.2	98	87
142.6	 79.8	99	87
143.4	 75.2	102	88
144.2	 77.1	100	87
144.9	 83.8	98	87
145.6	 77.7	101	87
146.4	 77.3	104	88
147.2	 82.2	102	88
147.9	 84.5	101	89
148.6	 75.8	104	89
149.4	 75.4	105	89
150.2	 79.8	101	89
151.0	 78.3	102	89
151.7	 70.6	104	89
152.6	 68.3	99	90
153.5	 74.4	100	87
154.3	 76.1	99	88
155.1	 75.4	104	89
155.9	 76.3	105	90
156.6	 87.7	102	90
157.3	 90.9	101	91
158.0	 88.0	106	91
158.7	 79.8	111	93
159.4	 77.3	111	94
160.2	 83.1	108	94
160.9	 76.1	111	95
161.7	 71.1	116	95
162.6	 75.6	115	95
163.3	 86.2	108	97
164.0	 86.0	109	97
164.7	 84.5	112	98
165.5	 85.0	113	99
166.2	 90.9	110	99
166.8	 94.0	109	99
167.5	 92.3	112	99
168.1	 90.1	116	100
168.8	 87.0	118	101
169.5	 91.5	115	101
170.1	 92.9	114	101
170.8	 84.5	116	102
171.5	 77.7	119	102
172.2	 81.5	115	101
173.0	 86.7	112	101
173.7	 89.0	111	101
174.3	 86.0	112	100
175.0	 92.6	109	99
175.7	 90.1	109	99
176.4	 83.8	113	98
177.1	 77.1	114	100
177.9	 80.9	112	98
178.6	 85.7	107	98
179.3	 77.5	108	97
180.1	 74.3	111	97
180.9	 77.1	108	97
181.7	 83.8	103	95
182.4	 78.7	105	94
183.1	 72.3	107	94
184.0	 72.6	106	94
184.8	 78.7	100	93
185.6	 74.4	100	92
186.4	 70.3	102	91
187.2	 73.7	100	91
188.0	 79.8	97	90
188.8	 77.1	99	90
189.6	 75.8	100	90
190.3	 80.9	97	90
191.1	 78.9	98	89
191.8	 73.2	99	90
192.7	 74.6	97	89
193.5	 77.9	96	88
194.2	 74.4	97	88
195.1	 76.7	97	88
195.8	 83.6	95	88
196.6	 80.6	96	88
197.3	 79.4	98	88
198.1	 82.4	98	89
198.8	 82.9	97	89
199.5	 74.3	99	89
200.3	 68.0	101	89
201.2	 73.3	100	89
202.0	 72.5	98	89
202.8	 71.1	98	89
203.7	 76.9	98	89
204.5	 84.7	95	89
205.2	 82.2	98	88
205.9	 77.1	102	90
206.7	 74.8	103	91
207.5	 81.3	102	92
208.2	 75.6	104	92
209.0	 69.3	105	92
209.9	 69.8	104	91
210.7	 75.6	100	91
211.5	 74.8	104	90
212.3	 69.0	107	92
213.2	 66.4	106	93
214.1	 77.1	99	92
214.9	 82.9	98	91
215.6	 78.7	102	91
216.4	 76.9	103	92
217.2	 80.6	99	92
217.9	 85.0	97	91
218.6	 80.9	97	91
219.3	 77.3	99	90
220.1	 80.9	97	90
220.9	 87.7	94	89
221.5	 84.3	96	89
222.3	 80.6	99	90
223.0	 80.9	99	91
223.7	 87.7	96	90
224.4	 87.2	97	90
225.1	 82.2	100	91
225.8	 73.5	103	92
226.7	 71.9	102	92
227.5	 81.7	98	92
228.2	 84.7	100	91
228.9	 81.1	103	93
229.7	 75.6	104	94
230.5	 84.0	102	92
231.2	 83.8	101	93
231.9	 77.7	102	93
232.7	 72.8	103	93
233.5	 78.1	100	93
234.3	 79.6	99	92
235.0	 71.6	99	92
235.9	 68.8	101	92
236.7	 72.3	98	91
237.6	 72.6	97	90
238.4	 67.9	95	91
239.3	 65.6	80	66
240.2	 73.5	46	32
241.0	 80.0	84	47
241.8	 78.7	89	59
242.5	 78.9	93	63
243.3	 85.5	92	65
244.0	 89.8	90	68
244.6	 86.5	93	70
245.3	 82.0	96	72
246.1	 78.3	97	74
246.8	 86.7	96	73
247.5	 85.7	95	77
248.2	 79.4	97	79
249.0	 75.2	99	80
249.8	 82.2	97	80
250.5	 87.7	94	83
251.2	 83.6	97	84
251.9	 73.9	101	84
252.7	 73.3	100	85
253.5	 82.6	99	85
254.3	 82.4	102	88
255.0	 77.9	103	89
255.8	 76.3	100	90
256.6	 84.5	101	89
257.3	 89.8	99	89
257.9	 88.8	102	90
258.6	 83.6	105	92
259.3	 85.7	104	92
260.0	 86.7	103	93
260.7	 83.8	107	93
261.4	 78.3	107	94
262.2	 83.1	105	94
262.9	 86.0	103	93
263.6	 80.9	105	93
264.4	 77.5	106	93
265.1	 81.1	105	93
265.9	 90.9	101	92
266.5	 92.9	102	92
267.2	 91.5	105	92
267.8	 94.0	106	94
268.5	 95.8	108	95
269.1	 94.3	107	95
269.7	 97.1	105	95
270.4	 94.6	106	95
271.0	 88.5	110	96
271.7	 81.7	111	96
272.4	 81.7	107	96
273.1	 88.0	104	94
273.8	 84.3	105	93
274.5	 81.3	106	94
275.3	 83.6	104	94
276.0	 88.5	102	93
276.7	 87.2	106	93
277.4	 82.2	110	95
278.1	 80.4	111	96
278.8	 84.5	109	95
279.5	 75.9	110	96
280.3	 72.3	113	95
281.2	 76.7	108	95
281.9	 80.9	106	94
282.7	 76.3	108	94
283.5	 78.9	109	95
284.2	 86.2	105	95
284.9	 88.0	106	94
285.6	 82.4	108	95
286.3	 82.4	109	96
287.1	 88.5	106	95
287.7	 87.5	108	96
288.4	 79.6	110	96
289.2	 77.1	110	96
290.0	 81.5	108	95
290.7	 80.4	109	95
291.4	 70.6	111	97
292.3	 70.4	113	96
293.1	 77.7	107	95
293.9	 75.0	108	96
294.7	 71.3	109	95
295.6	 75.6	107	95
296.3	 80.0	103	95
297.1	 76.1	105	93
297.9	 74.6	107	94
298.7	 79.4	103	93
