  0.1	 82.2	92	66	  4.4	17.82
  0.8	 89.3	89	65	  9.3	15.72
  1.5	 92.3	87	65	 14.3	18.18
  2.1	 91.7	86	64	 19.4	17.82
  2.8	 87.7	90	65	 24.5	19.10
  3.4	 80.9	92	65	 29.1	16.81
  4.2	 77.9	92	64	 34.1	17.43
  5.0	 84.0	88	62	 39.2	18.15
  5.7	 89.6	85	61	 44.2	20.28
  6.3	 92.9	83	60	 49.7	15.78
  7.0	 93.2	83	60	 54.2	19.97
  7.6	 90.9	85	61	 59.4	14.68
  8.3	 84.5	87	62	 64.1	16.36
  9.0	 81.5	87	62	 69.2	18.40
  9.7	 85.0	83	59	 74.5	19.80
 10.4	 92.0	79	57	 79.5	18.23
 11.1	 96.2	75	57	 84.5	17.53
 11.7	 97.7	74	57	 89.7	17.18
 12.3	 98.0	78	59	 94.7	17.06
 12.9	 95.8	81	61	 99.6	19.24
 13.6	 91.7	83	63	105.4	17.03
 14.2	 89.3	83	63	109.9	14.65
 14.9	 90.9	81	61	114.9	16.39
 15.6	 94.6	80	61	119.7	11.79
 16.2	 98.0	78	60
 16.8	100.0	76	60
 17.4	 99.3	78	61
 18.0	 96.2	81	61
 18.6	 90.4	81	62
 19.3	 88.0	80	61
 20.0	 91.7	78	59
 20.6	 96.2	75	58
 21.3	 98.4	71	57
 21.9	100.3	70	57
 22.5	101.4	73	57
 23.1	100.0	77	60
 23.7	 95.5	79	61
 24.3	 92.6	79	62
 24.9	 92.9	78	61
 25.6	 96.8	76	60
 26.2	 99.3	75	60
 26.8	100.7	75	59
 27.4	 99.0	77	61
 28.0	 95.2	79	62
 28.6	 88.2	79	62
 29.3	 88.2	77	60
 30.0	 92.6	74	58
 30.6	 97.1	71	56
 31.3	 99.7	69	56
 31.9	101.0	71	57
 32.5	 98.4	75	59
 33.1	 96.2	78	61
 33.7	 94.0	78	62
 34.3	 90.6	78	61
 35.0	 95.5	77	60
 35.6	 99.0	76	60
 36.2	101.0	75	60
 36.8	100.7	75	60
 37.4	100.3	78	61
 38.0	 96.8	81	63
 38.6	 92.6	83	64
 39.3	 87.2	82	63
 40.0	 91.2	79	60
 40.6	 96.2	75	59
 41.2	 99.3	72	58
 41.9	101.0	70	57
 42.4	102.4	74	58
 43.0	101.4	78	61
 43.6	 96.5	81	64
 44.2	 92.6	82	65
 44.9	 93.2	80	63
 45.5	 98.0	78	62
 46.1	100.7	75	62
 46.7	102.0	72	60
 47.3	100.7	74	60
 47.9	 99.0	78	60
 48.5	 95.2	80	62
 49.2	 90.1	80	61
 49.8	 90.4	79	59
 50.5	 95.2	76	58
 51.1	 98.7	73	58
 51.7	101.0	72	58
 52.3	102.0	75	59
 52.9	101.0	78	61
 53.5	 96.2	80	63
 54.1	 93.2	80	63
 54.8	 94.9	78	62
 55.4	 99.0	76	60
 56.0	101.0	73	60
 56.6	103.1	68	58
 57.2	102.0	68	58
 57.8	102.7	73	58
 58.4	101.4	77	60
 59.0	 99.3	77	61
 59.6	 98.7	77	60
 60.2	100.7	76	60
 60.8	101.7	76	61
 61.4	102.4	76	61
 61.9	100.7	79	63
 62.5	 97.7	82	64
 63.1	 92.0	83	64
 63.8	 87.2	82	63
 64.5	 89.3	78	60
 65.2	 96.2	76	59
 65.8	100.0	73	59
 66.4	102.0	71	58
 67.0	103.4	72	59
 67.6	101.7	75	59
 68.1	100.3	77	60
 68.7	 96.8	77	61
 69.4	 95.2	75	60
 70.0	 99.3	72	58
 70.6	102.0	71	58
 71.2	104.2	69	58
 71.8	104.9	68	57
 72.3	104.9	71	59
 72.9	103.4	76	60
 73.5	 98.4	79	62
 74.1	 93.5	81	63
 74.7	 92.9	81	63
 75.4	 95.8	81	63
 76.0	 98.7	80	62
 76.6	101.4	77	62
 77.2	101.7	75	61
 77.8	101.0	78	61
 78.4	100.0	80	62
 79.0	 98.4	81	62
 79.6	 97.1	79	61
 80.2	102.0	79	60
 80.8	103.8	76	61
 81.4	107.1	75	61
 81.9	107.1	75	61
 82.5	107.1	78	62
 83.1	105.3	81	64
 83.6	100.0	83	65
 84.2	 95.5	84	65
 84.9	 94.6	81	63
 85.5	 97.4	79	62
 86.1	100.7	77	61
 86.7	103.8	73	59
 87.3	104.2	72	59
 87.9	104.2	76	59
 88.4	103.8	80	61
 89.0	103.1	83	64
 89.6	102.0	86	67
 90.2	102.0	86	67
 90.8	103.8	86	68
 91.4	104.9	86	69
 91.9	105.6	85	69
 92.5	105.6	86	69
 93.1	103.4	89	69
 93.6	 98.4	89	69
 94.3	 95.2	88	67
 94.9	 94.0	84	64
 95.5	 99.0	79	61
 96.1	102.4	75	59
 96.7	106.0	71	58
 97.3	106.4	72	58
 97.8	107.1	76	59
 98.4	106.8	80	61
 99.0	104.2	81	63
 99.5	103.1	81	63
100.1	103.4	80	62
100.7	105.3	78	62
101.3	106.8	77	62
101.8	107.5	76	61
102.4	108.3	73	60
102.9	107.5	75	61
103.5	107.1	78	61
104.1	104.9	80	62
104.6	100.7	83	64
105.2	 98.7	85	65
105.8	100.3	86	65
106.4	101.7	85	66
107.0	103.4	82	65
107.6	104.5	80	63
108.2	106.4	82	65
108.7	104.9	85	66
109.3	104.2	86	67
109.9	102.4	85	66
110.5	103.8	83	64
111.1	105.6	81	64
111.6	106.8	80	64
112.2	107.5	80	64
112.7	108.3	82	65
113.3	105.3	84	66
113.9	100.3	86	67
114.5	 94.6	87	66
115.1	 91.7	85	64
115.8	 97.4	82	62
116.4	100.0	79	61
117.0	101.4	75	60
117.6	102.0	75	59
118.2	101.4	76	59
118.7	101.4	77	59
119.3	101.0	77	59
119.9	102.0	75	58
120.5	103.8	73	59
121.1	105.6	73	59
121.7	107.1	73	59
122.2	107.1	75	60
122.8	104.9	77	62
123.4	101.0	79	63
124.0	 99.3	79	63
124.6	 94.9	78	63
125.2	 97.1	76	61
125.8	102.0	75	60
126.4	104.5	74	60
127.0	105.3	72	59
127.5	106.4	74	60
128.1	106.4	76	60
128.7	105.3	78	62
129.2	101.0	81	64
