  0.9	 69.3	112	76	  3.9	 8.57
  1.7	 68.5	114	77	  7.5	 7.43
  2.6	 69.0	115	76	 11.5	17.62
  3.5	 69.9	117	77	 13.8	 4.55
  4.3	 73.0	117	78	 18.4	23.07
  5.2	 72.3	119	82	 22.1	 9.75
  6.0	 73.0	124	82	 25.4	11.59
  6.8	 72.5	128	85	 29.1	10.19
  7.6	 71.8	131	87	 31.2	13.80
  8.5	 70.9	132	90	 32.9	11.57
  9.3	 69.8	132	90	 36.2	11.75
 10.2	 74.3	130	88	 39.1	 8.60
 11.0	 78.7	128	87	 42.8	11.70
 11.8	 79.2	125	87	 46.1	 9.76
 12.5	 78.7	125	86	 49.6	10.53
 13.3	 78.1	125	85	 52.5	10.69
 14.0	 79.6	127	84	 55.3	 9.90
 14.8	 78.5	131	87	 58.5	 9.49
 15.6	 76.3	134	93	 61.2	10.99
 16.3	 73.3	133	93	 63.9	 9.95
 17.2	 76.3	135	99	 67.4	12.12
 17.9	 78.7	131	98	 70.8	11.21
 18.7	 82.4	117	87	 73.9	11.35
 19.4	 85.5	120	84	 77.3	11.63
 20.1	 86.2	122	87	 80.5	11.68
 20.8	 84.0	126	89	 83.6	 9.74
 21.5	 79.2	131	91	 87.0	31.82
 22.3	 73.5	132	93	 92.5	13.97
 23.1	 68.3	132	94	 95.7	14.07
 24.0	 63.8	132	91	 98.5	11.96
 24.9	 63.7	129	87	101.7	11.27
 25.9	 66.2	124	83	104.9	 9.25
 26.8	 66.8	121	82	108.5	 8.48
 27.7	 66.5	121	80	112.8	 8.83
 28.6	 67.6	123	78	116.6	 9.28
 29.5	 70.6	122	78	120.1	 9.98
 30.3	 70.4	125	82	123.3	10.08
 31.2	 72.6	122	81	126.6	10.05
 32.0	 70.6	128	81	130.0	 9.26
 32.9	 69.0	126	83	133.5	10.42
 33.7	 70.4	124	82	136.6	 9.70
 34.6	 67.7	124	82	140.2	11.10
 35.5	 66.8	125	81	143.3	12.62
 36.4	 68.2	124	80	146.6	13.73
 37.2	 67.9	122	81	150.0	13.51
 38.1	 65.9	125	81	153.3	12.37
 39.0	 65.2	125	81	156.5	12.60
 40.0	 66.2	123	81	159.3	11.24
 40.9	 66.1	123	81	162.3	12.36
 41.8	 66.7	125	81	165.1	11.30
 42.7	 67.9	122	80	168.2	11.93
 43.6	 71.1	120	80	171.3	12.69
 44.4	 70.3	121	82	174.4	12.64
 45.3	 70.1	122	81	177.5	11.99
 46.1	 69.8	122	82	180.4	11.66
 47.0	 70.9	120	82	183.5	35.35
 47.8	 68.2	121	82	189.4	14.42
 48.7	 67.6	121	80	192.9	11.10
 49.6	 67.7	119	79	196.1	10.39
 50.5	 69.6	116	79	199.0	 9.33
 51.3	 68.6	116	79	202.1	 9.31
 52.2	 71.1	117	77	204.5	 8.81
 53.0	 73.9	116	79	207.3	12.84
 53.9	 71.9	117	81	210.9	10.94
 54.7	 71.6	119	80	214.2	 9.44
 55.5	 73.2	118	80	218.3	10.16
 56.4	 71.8	116	81	221.7	 9.37
 57.2	 71.3	116	79	225.8	10.52
 58.0	 71.1	116	79	229.6	11.32
 58.9	 73.7	113	78	233.1	11.04
 59.7	 71.9	112	78	236.6	10.76
 60.5	 73.7	113	75	240.4	10.45
 61.3	 75.8	111	76	244.0	10.26
 62.1	 76.1	111	77	247.5	10.71
 62.9	 74.4	113	77	251.3	11.24
 63.7	 75.6	114	78	254.9	11.94
 64.5	 77.1	113	79	258.2	11.20
 65.3	 74.1	115	80	261.7	11.66
 66.1	 74.6	117	79	264.9	11.98
 66.9	 78.5	116	79	268.2	13.29
 67.7	 81.5	114	78	271.4	12.59
 68.4	 78.9	113	78	274.6	11.48
 69.2	 73.9	114	78	277.8	12.80
 70.0	 71.4	115	76	281.1	11.64
 70.8	 70.4	114	74	284.8	13.26
 71.7	 71.8	111	74	288.0	13.64
 72.5	 69.9	110	74	291.2	13.47
 73.4	 70.1	110	71	294.4	12.69
 74.2	 72.1	108	71
 75.1	 73.0	107	73
 75.9	 72.1	108	73
 76.7	 71.4	110	73
 77.5	 73.0	109	74
 78.4	 73.0	108	75
 79.2	 69.0	109	76
 80.1	 67.6	110	74
 80.9	 69.9	107	73
 81.8	 69.0	107	74
 82.7	 67.9	108	72
 83.6	 70.4	108	72
 84.4	 70.8	107	74
 85.3	 69.6	108	75
 86.1	 69.1	110	74
 87.0	 69.8	110	75
 87.8	 72.3	107	76
 88.7	 74.6	108	76
 89.5	 55.0	109	88
 90.6	 58.6	108	71
 91.6	 62.5	116	70
 92.6	 67.9	119	73
 93.4	 71.3	118	78
 94.3	 70.8	120	79
 95.1	 72.1	121	79
 96.0	 74.8	120	80
 96.8	 74.3	121	83
 97.6	 70.8	122	83
 98.4	 67.7	123	82
 99.3	 68.8	121	82
100.2	 66.2	121	82
101.1	 66.5	121	79
102.0	 67.9	118	76
102.9	 67.4	117	77
103.8	 67.6	117	75
104.7	 68.3	116	74
105.5	 71.4	115	73
106.4	 69.0	115	75
107.2	 68.5	116	74
108.1	 68.8	116	74
109.0	 70.9	114	75
109.8	 69.4	115	76
110.7	 67.7	116	76
111.6	 67.4	115	74
112.5	 67.1	114	74
113.4	 69.0	111	72
114.2	 69.0	110	73
115.1	 69.1	110	71
116.0	 69.9	109	70
116.8	 71.3	108	70
117.7	 70.8	108	72
118.5	 70.4	109	72
119.4	 69.6	109	72
120.2	 71.6	108	72
121.1	 70.6	107	74
121.9	 69.4	108	73
122.8	 70.4	108	72
123.6	 73.5	106	72
124.5	 73.5	106	74
125.3	 73.3	108	74
126.1	 73.7	109	75
126.9	 73.9	109	76
127.7	 71.8	110	77
128.6	 69.9	111	76
129.4	 69.4	110	74
130.3	 71.9	108	73
131.1	 71.8	107	73
131.9	 71.9	107	72
132.8	 73.9	108	72
133.6	 75.9	107	73
134.4	 76.5	107	75
135.2	 73.9	109	76
136.0	 73.2	111	75
136.8	 73.9	111	76
137.6	 72.5	110	77
138.4	 69.1	110	76
139.3	 70.9	109	72
140.2	 73.3	107	72
141.0	 75.0	105	72
141.8	 75.2	106	73
142.6	 75.4	108	73
143.4	 75.8	110	75
144.2	 77.1	110	77
144.9	 73.9	111	79
145.7	 72.5	113	78
146.6	 72.1	113	78
147.4	 72.8	113	78
148.2	 68.0	113	78
149.1	 68.0	113	75
150.0	 69.4	113	74
150.9	 71.6	111	74
151.7	 70.9	111	75
152.5	 71.3	114	74
153.4	 73.0	114	75
154.2	 75.0	114	77
155.0	 73.2	115	79
155.8	 73.2	118	79
156.6	 73.2	118	80
157.5	 70.6	118	81
158.3	 68.8	117	79
159.2	 69.3	116	77
160.1	 71.4	113	76
160.9	 71.1	113	75
161.7	 70.8	113	74
162.6	 74.1	111	73
163.4	 74.1	110	75
164.2	 73.9	111	75
165.0	 74.6	111	75
165.8	 76.7	110	76
166.6	 74.6	110	77
167.4	 74.4	112	76
168.2	 74.4	112	77
169.0	 74.6	111	77
169.8	 72.5	111	77
170.7	 71.8	111	74
171.5	 74.6	109	73
172.3	 75.9	107	74
173.1	 75.8	107	73
173.9	 76.5	109	73
174.7	 78.3	109	75
175.4	 76.9	109	77
176.2	 72.8	110	77
177.0	 71.3	111	75
177.9	 72.8	107	74
178.7	 70.6	106	74
179.5	 70.8	106	71
180.4	 71.8	104	70
181.2	 74.3	102	70
182.0	 72.6	102	71
182.9	 72.6	103	69
183.7	 73.9	103	70
184.5	 76.7	102	71
185.3	 78.3	102	72
186.0	 71.8	106	75
186.9	 59.2	96	74
187.9	 65.2	100	65
188.8	 68.5	108	67
189.7	 72.8	111	70
190.5	 75.9	112	74
191.3	 74.8	114	77
192.1	 74.6	116	78
192.9	 74.8	117	79
193.7	 74.6	116	80
194.5	 70.4	117	81
195.4	 68.8	118	80
196.2	 68.3	117	80
197.1	 66.1	115	80
198.0	 65.9	114	77
198.9	 67.6	112	74
199.8	 69.4	109	74
200.7	 68.3	110	74
201.6	 69.4	110	72
202.4	 70.4	109	72
203.3	 70.4	109	73
204.1	 71.8	108	71
205.0	 73.7	107	71
205.8	 70.1	108	72
206.6	 70.6	108	71
207.5	 71.8	107	71
208.3	 72.6	106	71
209.2	 69.8	106	71
210.0	 71.4	106	69
210.9	 72.6	105	70
211.7	 74.1	105	72
212.5	 73.2	105	73
213.3	 73.3	107	72
214.1	 73.5	109	74
214.9	 73.5	109	75
215.8	 70.1	110	76
216.6	 68.8	111	75
217.5	 69.1	109	72
218.4	 70.1	106	71
219.2	 72.3	103	70
220.0	 72.3	103	70
220.9	 74.6	104	69
221.7	 75.4	104	70
222.5	 76.3	103	72
223.3	 73.9	105	73
224.1	 72.1	106	73
224.9	 70.9	105	72
225.7	 71.1	104	71
226.6	 72.5	101	70
227.4	 72.1	100	70
228.3	 73.5	101	69
229.1	 73.0	101	69
229.9	 75.0	100	69
230.7	 75.6	100	71
231.5	 74.1	101	72
232.3	 74.8	103	71
233.1	 74.8	103	72
233.9	 74.6	103	73
234.7	 72.5	105	74
235.5	 72.1	106	74
236.4	 72.5	106	73
237.2	 73.7	104	73
238.0	 73.0	104	73
238.8	 72.5	104	72
239.7	 73.5	103	70
240.5	 74.4	101	69
241.3	 75.2	99	70
242.1	 73.5	99	70
242.9	 74.4	101	69
243.7	 74.8	100	70
244.5	 77.1	99	69
245.3	 76.3	100	71
246.1	 75.0	101	72
246.9	 74.8	102	71
247.7	 76.3	101	71
248.4	 75.6	100	72
249.2	 73.9	101	72
250.1	 74.4	101	71
250.9	 74.8	100	70
251.7	 75.9	98	69
252.5	 77.3	99	70
253.2	 76.3	100	71
254.0	 76.1	102	71
254.8	 75.8	103	72
255.6	 76.9	103	73
256.4	 76.1	104	74
257.2	 75.0	105	73
258.0	 74.8	104	72
258.8	 77.1	102	71
259.5	 76.1	102	72
260.3	 74.6	103	71
261.1	 74.6	104	71
261.9	 76.3	103	71
262.7	 77.3	102	72
263.5	 76.3	103	73
264.3	 74.8	104	72
265.1	 74.1	103	71
265.9	 75.2	102	72
266.7	 74.6	102	72
267.5	 73.7	103	71
268.3	 76.5	101	70
269.1	 77.3	100	71
269.9	 75.9	102	73
270.7	 74.4	103	72
271.5	 75.9	103	72
272.3	 76.1	102	73
273.1	 74.8	103	73
273.9	 74.4	102	71
274.7	 76.5	101	70
275.4	 77.9	100	71
276.2	 77.3	101	72
277.0	 76.3	102	71
277.8	 76.9	102	72
278.6	 76.3	101	73
279.3	 74.1	104	74
280.1	 73.2	105	73
281.0	 72.3	105	73
281.8	 73.3	103	73
282.6	 71.1	103	73
283.5	 69.4	103	71
284.3	 69.1	103	70
285.2	 71.9	100	69
286.0	 72.6	101	70
286.9	 72.5	102	70
287.7	 72.5	103	70
288.5	 75.6	101	71
289.3	 73.0	103	73
290.1	 70.9	104	73
291.0	 70.3	104	72
291.8	 72.1	101	71
292.7	 71.1	101	72
293.5	 70.9	102	71
294.3	 70.8	104	71
295.2	 72.5	105	72
296.0	 71.6	108	75
296.9	 69.6	110	75
297.7	 70.1	110	75
