  0.5	 94.9	117	64	  2.2	 9.70
  1.2	 97.4	116	65	  5.9	13.59
  1.8	102.7	113	66	 12.1	 9.02
  2.4	103.4	109	65	 15.1	 7.01
  3.0	104.5	107	64	 19.1	 7.11
  3.5	103.8	106	63	 22.4	 7.18
  4.1	102.4	111	63	 25.7	 8.32
  4.7	 98.7	117	64	 28.9	 8.14
  5.3	 91.7	120	66	 32.1	 8.33
  6.0	 85.7	118	65	 35.9	 9.14
  6.7	 86.2	113	62	 39.5	 9.01
  7.4	 88.2	108	61	 42.6	 9.26
  8.0	 91.2	106	59	 46.2	 7.99
  8.7	 94.9	107	58	 53.3	10.40
  9.3	 93.8	109	60	 57.0	 8.49
 10.0	 87.0	112	61	 60.5	 7.02
 10.7	 83.3	120	62	 64.4	 7.60
 11.4	 81.7	126	66	 68.2	 8.20
 12.1	 79.8	128	68	 72.2	 7.82
 12.9	 80.9	126	68	 75.5	 9.25
 13.6	 82.4	123	68	 78.5	11.80
 14.3	 85.2	123	67	 82.0	 8.91
 15.0	 88.5	121	66	 85.4	 7.60
 15.7	 93.5	117	65	 89.6	 8.79
 16.4	101.0	112	64	 92.9	 6.55
 16.9	103.8	110	64	 97.8	12.74
 17.5	106.4	116	65	101.2	11.70
 18.1	104.2	119	67	104.4	 9.02
 18.7	100.3	119	67	108.0	 9.92
 19.3	 93.5	116	65	111.1	10.23
 19.9	 91.2	113	62	114.1	 7.69
 20.6	 88.2	110	60	117.2	 7.01
 21.2	 87.0	113	58	120.5	 9.49
 21.9	 86.0	114	57	124.2	 6.86
 22.6	 87.0	112	57	127.7	 6.96
 23.3	 87.5	109	58	132.0	 7.30
 24.0	 85.7	110	58	135.4	 8.85
 24.7	 85.7	115	58	138.4	10.68
 25.4	 84.7	116	61	141.1	 8.35
 26.1	 85.7	113	61	145.0	 8.54
 26.8	 86.2	110	61	147.7	10.84
 27.5	 86.2	113	61	150.9	 7.61
 28.2	 85.5	116	62	154.7	 8.75
 28.9	 83.8	114	63	157.9	 9.03
 29.6	 86.5	110	61	162.3	 7.87
 30.3	 86.5	108	61	165.6	16.83
 31.0	 84.7	113	61	171.0	10.41
 31.7	 83.8	115	62	174.3	11.27
 32.4	 83.8	114	62	177.7	 9.77
 33.2	 85.2	111	61	180.9	10.88
 33.9	 85.0	110	60	184.3	12.14
 34.6	 86.7	115	60	187.4	11.16
 35.3	 87.5	115	62	190.8	 7.59
 35.9	 88.0	113	62	195.0	 9.32
 36.6	 91.2	109	61	198.2	 9.78
 37.3	 92.0	108	62	202.1	 5.40
 37.9	 89.6	113	63	207.7	 8.69
 38.6	 87.5	116	63	210.8	 6.91
 39.3	 84.0	115	63	215.1	 6.92
 40.0	 86.0	110	60	218.9	23.76
 40.7	 87.5	105	59	223.4	 8.38
 41.4	 88.0	107	58	226.8	 6.75
 42.1	 89.0	110	59	230.0	 7.92
 42.7	 90.4	109	60	233.4	 9.51
 43.4	 92.6	107	60	237.1	 9.05
 44.1	 94.3	106	61	240.5	 7.77
 44.7	 92.6	112	63	244.3	 8.08
 45.3	 89.0	118	65	248.3	 9.18
 46.0	 85.2	119	66	252.0	 5.21
 46.7	 86.2	116	64	258.2	17.82
 47.4	 89.3	112	64	261.8	13.70
 48.1	 89.0	112	63	264.8	12.15
 48.8	 86.5	116	63	268.2	 4.47
 49.5	 84.3	119	62	271.7	 4.99
 50.2	 83.6	117	61	275.3	 7.41
 50.9	 85.0	113	60	277.9	 6.92
 51.6	 85.5	110	60	281.1	 7.11
 52.3	 86.5	112	60	284.7	 8.14
 53.0	 88.5	113	60	287.7	 6.50
 53.7	 91.2	111	60	291.1	12.63
 54.3	 96.2	109	60	294.4	 8.33
 54.9	 98.0	111	62
 55.6	 97.1	118	64
 56.2	 93.8	123	68
 56.8	 88.5	122	68
 57.5	 88.2	120	65
 58.2	 88.8	119	66
 58.9	 84.5	123	68
 59.6	 82.6	127	69
 60.3	 80.2	127	69
 61.0	 79.6	124	67
 61.8	 80.6	120	64
 62.5	 79.2	120	62
 63.3	 80.9	120	60
 64.0	 82.4	117	60
 64.8	 84.7	113	59
 65.5	 87.5	111	59
 66.2	 90.1	111	60
 66.8	 89.8	116	61
 67.5	 88.5	118	63
 68.2	 87.5	116	64
 68.9	 89.0	114	63
 69.5	 89.3	113	64
 70.2	 86.7	118	64
 70.9	 83.1	121	65
 71.6	 80.6	120	65
 72.4	 82.0	117	63
 73.1	 84.0	112	62
 73.8	 85.0	111	60
 74.5	 86.0	115	60
 75.2	 87.7	115	62
 75.9	 88.5	112	62
 76.6	 91.5	110	62
 77.2	 90.4	111	62
 77.9	 91.5	115	63
 78.5	 89.8	115	64
 79.2	 92.3	113	64
 79.9	 94.3	111	64
 80.5	 92.9	115	66
 81.1	 91.7	121	67
 81.8	 86.5	124	70
 82.5	 85.5	125	70
 83.2	 84.7	123	70
 83.9	 83.3	125	69
 84.6	 82.6	126	68
 85.3	 83.3	122	66
 86.1	 85.5	117	64
 86.8	 87.5	116	63
 87.5	 88.2	119	64
 88.1	 89.8	122	66
 88.8	 88.2	123	69
 89.5	 87.0	120	68
 90.2	 90.6	118	67
 90.8	 91.7	118	68
 91.5	 88.5	123	69
 92.2	 87.2	127	71
 92.9	 85.0	126	72
 93.6	 87.0	124	70
 94.3	 87.2	122	70
 94.9	 85.0	125	69
 95.6	 84.5	125	69
 96.4	 83.1	122	67
 97.1	 89.0	118	65
 97.8	 96.5	111	64
 98.4	102.0	105	61
 99.0	104.5	102	60
 99.5	104.9	107	61
100.1	106.0	115	63
100.7	103.4	117	66
101.3	100.0	117	67
101.9	100.7	114	65
102.5	 98.0	112	66
103.1	 93.2	118	66
103.7	 88.8	120	66
104.4	 86.2	118	66
105.1	 87.5	112	63
105.8	 89.3	109	61
106.4	 89.6	111	61
107.1	 89.6	113	62
107.8	 88.2	112	63
108.5	 89.8	109	61
109.1	 92.3	105	60
109.8	 92.6	106	60
110.4	 93.5	111	60
111.1	 92.3	112	63
111.7	 92.0	111	64
112.4	 87.0	112	65
113.1	 82.4	118	64
113.8	 78.7	119	64
114.5	 79.8	116	62
115.3	 80.4	111	60
116.0	 81.1	110	58
116.8	 81.7	108	57
117.5	 85.2	104	55
118.2	 88.8	99	55
118.9	 90.9	101	56
119.6	 91.5	107	58
120.2	 90.4	108	61
120.9	 90.6	106	60
121.5	 92.9	104	60
122.2	 93.2	105	61
122.8	 91.7	111	61
123.5	 86.5	115	63
124.2	 84.7	115	63
124.9	 86.0	112	62
125.6	 84.0	112	62
126.3	 84.5	113	60
127.0	 84.3	113	60
127.7	 85.0	109	60
128.4	 86.5	106	58
129.1	 88.5	105	58
129.8	 88.5	109	59
130.5	 87.7	114	61
131.2	 85.5	113	62
131.9	 84.3	111	62
132.6	 84.5	107	61
133.3	 84.7	104	60
134.0	 85.2	108	59
134.7	 86.2	110	60
135.4	 84.7	108	60
136.1	 88.2	105	60
136.8	 86.0	105	61
137.5	 86.0	111	61
138.2	 85.0	111	63
138.9	 85.7	109	62
139.6	 85.7	108	62
140.3	 84.5	112	62
141.0	 83.3	113	63
141.7	 83.8	110	62
142.4	 85.5	106	60
143.1	 84.3	109	60
143.8	 83.1	112	61
144.6	 81.5	111	62
145.3	 82.4	107	60
146.0	 84.3	103	59
146.7	 86.0	104	58
147.4	 87.2	106	59
148.1	 88.0	105	60
148.8	 91.5	107	62
149.5	 89.6	111	65
150.1	 85.0	120	67
150.8	 80.6	123	68
151.6	 81.3	119	67
152.3	 78.9	116	66
153.1	 77.3	118	64
153.9	 77.5	115	62
154.6	 77.7	108	59
155.4	 80.6	100	56
156.2	 82.2	101	56
156.9	 84.5	109	62
157.6	 85.7	106	58
158.3	 87.0	103	57
159.0	 91.2	101	57
159.6	 94.0	102	58
160.3	 95.2	109	60
160.9	 91.2	115	63
161.6	 86.5	117	66
162.3	 83.8	117	67
163.0	 85.0	114	66
163.7	 82.2	112	65
164.4	 81.7	116	63
165.1	 82.0	115	63
165.9	 84.7	111	61
166.6	 90.4	108	61
167.2	 97.1	105	61
167.9	 99.7	108	63
168.5	 98.4	114	65
169.1	 89.3	120	67
169.8	 81.7	126	66
170.5	 77.1	128	67
171.3	 75.9	126	65
172.1	 77.7	120	64
172.8	 77.3	117	62
173.6	 77.9	116	59
174.4	 78.9	109	57
175.1	 85.0	100	54
175.8	 87.2	96	53
176.5	 91.7	100	54
177.2	 94.3	102	57
177.8	 96.8	101	58
178.4	100.3	99	58
179.0	100.3	99	60
179.6	100.3	107	63
180.2	 98.4	114	66
180.8	 94.3	116	68
181.5	 95.8	116	67
182.1	 95.2	114	67
182.7	 91.5	118	67
183.4	 89.3	122	68
184.1	 86.5	120	68
184.8	 89.3	118	65
185.4	 91.7	115	64
186.1	 88.2	116	65
186.8	 86.5	120	63
187.5	 84.0	117	63
188.2	 87.5	112	60
188.9	 88.8	109	60
189.5	 89.6	113	59
190.2	 90.1	114	60
190.9	 89.6	112	62
191.5	 94.3	108	61
192.2	 94.0	108	62
192.8	 92.9	114	63
193.5	 88.8	118	65
194.1	 90.4	118	66
194.8	 97.4	114	66
195.4	100.3	110	66
196.0	 99.3	107	65
196.6	 96.8	110	64
197.2	 93.5	114	62
197.9	 88.0	113	62
198.6	 88.0	110	59
199.2	 90.4	105	58
199.9	 89.0	104	58
200.6	 87.0	108	58
201.3	 83.6	111	59
202.0	 82.6	108	58
202.7	 84.0	102	57
203.4	 83.6	101	57
204.1	 84.7	103	57
204.8	 85.2	103	58
205.6	 85.7	101	59
206.3	 86.0	99	58
207.0	 87.2	102	59
207.6	 87.7	103	61
208.3	 90.9	102	62
209.0	 88.5	103	64
209.7	 85.5	109	64
210.4	 82.6	113	65
211.1	 80.4	114	65
211.8	 80.4	113	66
212.6	 79.4	115	65
213.3	 78.5	117	64
214.1	 78.3	114	62
214.9	 77.9	110	60
215.6	 81.7	105	58
216.4	 78.7	101	57
217.1	 83.1	106	56
217.9	 86.2	109	59
218.6	 86.0	109	62
219.3	 89.0	109	62
219.9	 96.8	104	62
220.5	103.1	100	61
221.1	102.0	106	64
221.7	102.0	118	66
222.3	 94.6	128	71
222.9	 81.5	133	73
223.7	 78.9	135	71
224.4	 76.7	131	72
225.2	 75.9	130	71
226.0	 76.3	128	71
226.8	 75.2	122	70
227.6	 76.5	116	67
228.4	 77.5	111	64
229.1	 83.6	112	63
229.9	 86.0	110	65
230.6	 88.5	105	65
231.2	 93.8	105	65
231.9	 94.6	108	66
232.5	 95.2	115	67
233.1	 92.6	117	68
233.8	 91.7	115	67
234.4	 91.7	114	66
235.1	 88.0	117	65
235.8	 84.5	121	65
236.5	 80.2	120	65
237.2	 80.0	117	63
238.0	 81.3	111	61
238.7	 81.3	109	59
239.5	 82.0	112	58
240.2	 82.0	112	59
240.9	 82.2	109	59
241.7	 83.3	107	59
242.4	 82.2	109	59
243.1	 82.4	111	59
243.8	 82.0	110	60
244.6	 83.1	105	58
245.3	 86.5	102	58
246.0	 86.2	103	60
246.7	 86.5	111	61
247.4	 85.7	114	63
248.1	 84.7	113	64
248.8	 86.7	110	62
249.5	 89.0	108	63
250.2	 89.3	111	64
250.8	 88.8	116	65
251.5	 86.2	117	67
252.2	 86.0	115	66
252.9	 88.2	112	64
253.6	 87.7	112	64
254.3	 87.2	116	63
254.9	 86.5	116	64
255.6	 88.8	113	63
256.3	 92.3	109	62
257.0	 96.8	105	62
257.6	102.0	103	62
258.2	106.8	98	62
258.7	110.3	94	61
259.3	111.1	94	61
259.8	109.5	102	63
260.4	111.5	114	66
260.9	107.5	119	71
261.5	 96.8	123	72
262.1	 91.5	123	69
262.7	 89.8	120	68
263.4	 83.1	119	68
264.1	 82.0	122	65
264.9	 83.6	117	64
265.6	 85.7	111	61
266.3	 82.4	105	58
267.0	 82.9	109	55
267.7	 83.6	107	55
268.4	 85.7	104	54
269.1	 90.1	98	55
269.8	 91.7	98	55
270.5	 93.5	101	56
271.1	 94.0	101	58
271.7	 94.0	100	59
272.4	 95.2	100	59
273.0	 93.8	101	60
273.7	 93.8	108	61
274.3	 90.1	110	63
275.0	 86.7	110	63
275.7	 87.0	108	62
276.3	 85.2	106	61
277.0	 83.3	107	60
277.8	 82.6	107	59
278.5	 84.7	104	58
279.2	 84.0	100	58
279.9	 84.7	103	57
280.6	 86.0	103	58
281.3	 88.2	101	59
282.0	 90.4	99	59
282.7	 88.0	102	61
283.3	 86.2	108	62
284.0	 83.8	109	63
284.8	 82.6	106	62
285.5	 85.0	104	60
286.2	 85.0	103	60
286.9	 86.5	106	59
287.6	 87.2	107	62
288.3	 89.8	110	64
288.9	 86.2	113	67
289.6	 84.5	120	69
290.4	 81.7	122	70
291.1	 80.9	121	70
291.8	 86.2	118	68
292.5	 85.2	115	67
293.2	 84.7	118	66
293.9	 82.4	118	65
294.7	 83.8	114	63
295.4	 85.0	110	62
296.1	 85.5	111	61
296.8	 84.3	111	61
297.5	 85.0	110	61
298.2	 89.3	105	59
298.9	 89.0	103	59
