  0.6	 71.4	116	69	  3.1	 9.82
  1.5	 72.5	123	71	  7.1	 8.89
  2.3	 71.3	126	74	 10.6	 9.76
  3.1	 71.9	125	75	 14.5	 9.26
  4.0	 74.3	119	76	 19.0	10.91
  4.8	 72.1	119	76	 22.6	10.08
  5.6	 69.0	122	74	 26.3	10.83
  6.5	 68.5	121	73	 29.9	10.43
  7.3	 71.1	115	72	 33.7	10.68
  8.2	 72.3	107	71	 38.0	10.97
  9.0	 71.1	107	69	 41.7	11.32
  9.9	 73.0	109	68	 45.3	11.44
 10.7	 75.8	109	70	 48.8	10.15
 11.5	 77.7	106	71	 53.0	10.13
 12.2	 76.1	109	71	 57.5	10.64
 13.0	 75.4	117	72	 61.8	10.99
 13.8	 73.0	120	74	 65.6	10.84
 14.7	 74.1	118	75	 70.0	10.96
 15.5	 75.4	112	75	 73.9	 9.70
 16.3	 71.8	113	73	 77.9	10.53
 17.1	 70.4	115	72	 81.6	10.27
 17.9	 71.1	114	71	 85.5	11.09
 18.8	 72.3	111	71	 89.4	10.42
 19.6	 76.5	105	71	 93.4	10.02
 20.4	 75.4	106	70	 97.4	 9.51
 21.2	 76.3	114	70	101.5	 9.65
 22.0	 76.9	120	74	105.6	11.66
 22.8	 77.5	121	77	109.9	11.46
 23.5	 78.9	116	78	113.9	 9.84
 24.3	 74.3	119	77	118.2	11.01
 25.1	 73.0	123	75	122.1	11.82
 25.9	 73.2	120	75	126.2	 9.76
 26.7	 76.5	115	74	129.9	11.59
 27.5	 75.0	110	73	133.5	12.15
 28.3	 73.5	112	71	137.1	11.83
 29.1	 73.3	113	71	140.9	11.72
 30.0	 76.1	111	70	144.4	11.23
 30.8	 79.2	105	71	147.8	10.97
 31.5	 77.3	106	71	151.3	 9.65
 32.3	 78.1	112	70	155.1	14.58
 33.1	 77.7	115	72	162.3	 9.26
 33.8	 78.3	113	73	166.8	10.43
 34.6	 80.4	108	74	170.3	10.47
 35.3	 77.3	110	73	173.7	11.36
 36.1	 76.5	114	73	177.4	11.66
 36.9	 75.8	117	74	181.0	11.00
 37.7	 75.8	116	74	184.6	15.68
 38.5	 79.2	110	73	191.5	 8.53
 39.2	 76.9	108	73	195.8	10.11
 40.0	 77.7	112	72	199.3	10.72
 40.8	 77.7	115	73	203.0	10.41
 41.6	 78.1	114	74	206.5	10.42
 42.3	 80.4	110	74	210.1	10.73
 43.1	 78.1	109	74	213.9	11.14
 43.8	 76.1	114	73	217.3	10.82
 44.6	 75.4	116	74	220.7	11.84
 45.4	 77.3	112	73	224.3	11.44
 46.2	 77.1	105	73	228.0	11.41
 47.0	 74.6	105	71	231.7	10.97
 47.8	 75.9	108	69	235.5	12.85
 48.6	 76.3	106	69	239.3	10.59
 49.4	 80.2	101	69	243.3	11.11
 50.1	 79.4	101	69	247.1	11.58
 50.9	 78.7	107	69	250.7	13.88
 51.6	 77.7	112	71	254.1	11.31
 52.4	 76.7	114	73	257.6	11.62
 53.2	 78.5	112	74	261.1	11.40
 54.0	 79.2	107	74	265.0	11.59
 54.7	 77.5	110	73	268.6	12.83
 55.5	 74.4	114	73	272.1	10.49
 56.3	 72.8	114	73	275.8	11.58
 57.1	 72.8	110	71	279.9	10.68
 57.9	 76.5	103	70	283.6	10.99
 58.7	 76.9	98	68	287.5	11.09
 59.5	 75.2	101	67	291.4	11.03
 60.3	 75.6	105	68	295.3	11.33
 61.1	 74.4	107	70
 61.9	 76.3	106	70
 62.7	 78.1	100	71
 63.5	 77.1	103	69
 64.2	 76.9	109	70
 65.0	 76.7	110	71
 65.8	 79.4	107	72
 66.5	 81.1	102	72
 67.3	 77.7	104	71
 68.1	 76.3	109	70
 68.8	 75.9	111	71
 69.6	 76.5	108	71
 70.4	 81.3	104	71
 71.2	 81.1	102	71
 71.9	 80.4	108	71
 72.6	 79.2	114	73
 73.4	 78.7	119	75
 74.2	 79.4	119	77
 74.9	 79.2	115	77
 75.7	 75.2	118	76
 76.5	 72.6	120	75
 77.3	 71.9	118	74
 78.1	 75.9	111	72
 78.9	 77.7	103	71
 79.7	 74.3	104	69
 80.5	 75.6	107	68
 81.3	 78.1	107	70
 82.1	 82.4	105	71
 82.8	 79.4	106	72
 83.6	 76.7	113	72
 84.3	 73.7	117	74
 85.1	 73.0	117	73
 86.0	 78.7	110	73
 86.7	 74.8	105	72
 87.5	 72.8	107	70
 88.4	 72.5	108	69
 89.2	 74.1	106	69
 90.0	 77.7	100	68
 90.8	 73.5	100	68
 91.6	 71.4	105	67
 92.4	 71.1	108	68
 93.3	 73.2	105	69
 94.1	 76.5	99	69
 94.9	 74.1	101	68
 95.7	 72.3	108	68
 96.5	 72.8	115	71
 97.3	 74.6	117	73
 98.1	 76.7	112	75
 98.9	 74.3	116	75
 99.7	 72.6	121	74
100.6	 73.3	121	75
101.4	 74.4	117	74
102.2	 78.5	111	74
102.9	 77.1	111	74
103.7	 75.2	117	73
104.5	 74.4	122	75
105.3	 74.3	124	76
106.1	 79.6	119	77
106.9	 78.1	119	78
107.7	 74.3	123	77
108.5	 74.1	125	76
109.3	 75.0	124	76
110.1	 78.9	119	75
110.8	 81.1	110	74
111.6	 80.0	111	72
112.3	 80.0	116	72
113.1	 82.4	121	75
113.8	 82.4	121	77
114.5	 85.0	117	78
115.2	 82.2	119	78
116.0	 80.4	125	78
116.7	 79.4	129	79
117.5	 78.3	129	80
118.2	 80.0	125	79
119.0	 81.1	113	78
119.7	 78.9	111	74
120.5	 77.5	116	71
121.3	 77.1	115	71
122.0	 78.5	110	71
122.8	 82.9	102	70
123.5	 81.1	100	69
124.3	 79.6	109	69
125.0	 79.2	118	72
125.8	 77.9	123	76
126.5	 77.9	122	78
127.3	 76.7	117	79
128.1	 72.6	121	77
128.9	 70.4	124	76
129.8	 69.9	119	75
130.6	 74.3	107	71
131.4	 72.1	105	70
132.3	 73.2	107	67
133.1	 74.1	106	68
133.9	 78.5	101	67
134.7	 79.4	99	68
135.4	 77.9	106	69
136.2	 77.9	113	71
137.0	 76.1	115	74
137.8	 78.9	111	74
138.5	 75.0	112	75
139.3	 72.6	116	73
140.1	 70.1	116	73
141.0	 72.6	111	71
141.8	 75.4	101	70
142.6	 74.1	100	68
143.4	 76.1	105	67
144.2	 76.7	106	69
145.0	 81.1	105	70
145.7	 78.9	107	72
146.5	 78.3	118	73
147.3	 76.9	125	77
148.0	 79.2	114	112
148.8	 77.7	114	46
149.6	 72.8	129	78
150.4	 66.8	129	77
151.3	 66.5	124	74
152.2	 69.0	112	71
153.1	 66.2	109	68
154.0	 64.9	120	66
154.9	 66.7	108	65
155.8	 72.6	103	59
156.6	 75.2	101	63
157.4	 75.6	107	66
158.2	 69.9	116	71
159.1	 68.6	123	72
159.9	 66.2	130	74
160.9	 64.4	138	76
161.8	 65.1	136	77
162.7	 69.0	128	74
163.6	 69.8	120	74
164.4	 67.9	124	71
165.3	 67.9	128	70
166.2	 68.6	126	71
167.1	 73.3	121	70
167.9	 74.8	114	71
168.7	 73.9	119	70
169.5	 73.9	125	71
170.3	 73.9	125	72
171.1	 76.1	119	73
171.9	 73.3	122	73
172.7	 71.6	128	73
173.6	 71.6	125	73
174.4	 75.2	118	72
175.2	 73.5	116	72
176.0	 71.6	119	70
176.9	 71.3	119	70
177.7	 75.9	115	69
178.5	 75.4	108	69
179.3	 75.0	112	68
180.1	 75.4	117	69
180.9	 75.6	119	71
181.7	 77.3	117	73
182.5	 74.1	120	75
183.3	 71.3	127	74
184.1	 70.3	126	74
185.0	 73.3	119	72
185.8	 74.3	111	71
186.6	 72.3	111	68
187.4	 66.8	112	66
188.3	 63.3	108	65
189.3	 67.3	107	62
190.2	 69.0	110	64
191.0	 70.1	112	66
191.9	 72.8	110	67
192.7	 73.5	107	68
193.5	 71.4	114	69
194.4	 71.8	122	71
195.2	 70.9	125	74
196.1	 74.6	122	74
196.9	 74.4	118	76
197.7	 71.9	121	74
198.5	 72.1	124	74
199.3	 73.3	124	75
200.1	 75.8	121	75
200.9	 74.3	124	75
201.7	 73.7	130	75
202.6	 73.0	129	76
203.4	 77.9	122	74
204.2	 76.7	115	74
204.9	 76.7	119	71
205.7	 77.9	123	72
206.5	 78.5	122	74
207.2	 81.3	117	74
208.0	 77.5	118	75
208.8	 75.9	125	74
209.6	 74.1	126	76
210.4	 75.0	122	75
211.2	 76.9	114	74
211.9	 72.1	115	72
212.8	 72.8	116	69
213.6	 75.9	113	70
214.4	 80.9	107	69
215.1	 78.9	106	69
215.9	 77.9	112	69
216.7	 79.8	117	71
217.4	 84.5	119	74
218.1	 80.6	118	77
218.9	 79.2	126	77
219.6	 78.9	131	78
220.4	 77.9	132	79
221.2	 80.4	127	78
221.9	 78.3	122	78
222.7	 75.4	125	76
223.5	 75.2	128	75
224.3	 77.5	126	75
225.0	 80.6	118	75
225.8	 77.7	120	74
226.5	 78.1	125	73
227.3	 79.4	127	74
228.1	 82.6	125	75
228.8	 83.6	119	76
229.5	 80.4	123	76
230.3	 78.9	129	77
231.0	 78.7	135	79
231.8	 78.9	137	82
232.5	 80.4	134	82
233.3	 76.1	135	82
234.1	 74.8	139	80
234.9	 73.5	137	79
235.7	 77.3	129	76
236.5	 80.0	117	75
237.2	 77.3	118	72
238.0	 77.3	121	71
238.8	 77.3	121	72
239.6	 80.2	118	72
240.3	 79.2	114	73
241.1	 74.8	118	72
241.9	 74.4	123	72
242.7	 74.1	124	73
243.5	 77.1	123	74
244.3	 78.1	117	75
245.0	 73.9	123	74
245.8	 73.0	129	74
246.7	 74.4	129	75
247.5	 80.2	124	75
248.2	 76.9	120	75
249.0	 75.4	125	74
249.8	 76.5	126	75
250.6	 79.4	124	75
251.3	 81.1	120	76
252.1	 78.7	125	77
252.8	 78.1	133	79
253.6	 76.5	138	81
254.4	 81.5	137	80
255.1	 79.2	133	82
255.9	 75.8	137	80
256.7	 76.1	138	79
257.5	 76.1	134	78
258.2	 80.2	127	76
259.0	 77.3	126	76
259.8	 77.9	130	74
260.5	 77.5	131	75
261.3	 82.9	128	74
262.0	 82.0	122	75
262.8	 77.7	125	75
263.5	 76.5	132	75
264.3	 75.9	134	77
265.1	 79.8	130	77
265.9	 79.4	122	77
266.6	 76.3	125	76
267.4	 75.6	127	75
268.2	 75.9	124	75
269.0	 81.5	118	73
269.7	 79.6	115	74
270.5	 77.7	119	73
271.3	 78.1	122	73
272.0	 79.2	121	74
272.8	 80.4	118	75
273.5	 76.7	119	75
274.3	 76.7	124	74
275.1	 75.8	125	75
275.9	 78.9	122	75
276.6	 80.4	117	75
277.4	 76.3	121	74
278.2	 75.9	125	74
279.0	 75.0	128	75
279.8	 76.3	128	77
280.5	 78.3	123	77
281.3	 75.8	125	77
282.1	 74.1	129	77
282.9	 74.1	132	78
283.7	 75.6	130	78
284.5	 76.9	121	78
285.3	 74.1	123	76
286.1	 73.0	125	74
286.9	 72.5	124	74
287.8	 77.7	118	72
288.5	 77.7	112	73
289.3	 74.4	116	71
290.1	 76.3	123	72
290.9	 76.7	127	76
291.7	 80.6	129	78
292.4	 79.2	126	80
293.2	 76.1	134	80
294.0	 74.6	138	79
294.8	 72.1	135	80
295.6	 77.9	127	77
296.4	 77.3	120	77
297.1	 75.0	124	74
297.9	 76.1	128	74
298.7	 76.1	130	76
