  0.3	 80.2	87	65	 12.0	 9.12
  1.0	 80.2	87	65	 19.6	 6.08
  1.8	 81.1	89	66	 32.2	 4.83
  2.5	 74.8	90	66	 39.3	 7.19
  3.3	 74.8	92	65	 44.9	 6.33
  4.1	 73.9	92	66	 50.8	 5.01
  4.9	 75.8	93	66	 56.5	 6.07
  5.7	 78.1	94	68	 62.5	 6.85
  6.5	 78.3	96	70	 68.3	14.64
  7.3	 78.9	100	71	 76.2	 5.17
  8.0	 75.4	102	72	 83.6	 8.94
  8.8	 71.4	104	72	 89.1	 5.34
  9.7	 70.3	105	71	 97.1	10.86
 10.5	 70.6	103	71	104.1	 8.15
 11.4	 72.8	101	70	111.5	 7.97
 12.2	 78.5	100	70	118.6	10.87
 13.0	 82.6	98	72	125.7	 6.81
 13.7	 87.2	100	73	132.5	 7.81
 14.4	 88.2	103	75	139.5	19.93
 15.0	 82.6	105	77	145.6	 7.56
 15.8	 79.4	106	75	152.3	 8.93
 16.5	 74.4	107	75	159.4	 8.01
 17.3	 72.3	109	73	166.4	 9.46
 18.2	 73.3	108	73	172.0	 6.77
 19.0	 75.6	105	72	178.4	 5.75
 19.8	 79.4	104	72	184.1	 7.07
 20.5	 82.0	102	73	190.0	 5.90
 21.3	 83.8	104	74	197.1	 5.93
 22.0	 82.6	106	75	203.8	15.24
 22.7	 76.5	108	76	212.0	 7.61
 23.5	 72.5	111	76	214.9	 7.07
 24.3	 70.8	111	76	221.4	 7.06
 25.2	 70.6	107	75	226.6	 7.15
 26.0	 73.5	104	73	232.5	 7.27
 26.8	 77.5	99	73	239.8	 7.49
 27.6	 79.6	98	73	246.7	 9.58
 28.4	 77.9	100	72	253.9	14.15
 29.1	 75.8	101	71	262.8	 7.17
 29.9	 74.8	101	70	270.6	 6.68
 30.7	 75.8	100	69	276.7	 6.87
 31.5	 78.7	98	69	284.8	 9.69
 32.3	 81.5	96	68	288.8	 6.63
 33.0	 84.5	95	70
 33.7	 87.0	96	70
 34.4	 86.0	99	72
 35.1	 80.9	101	72
 35.9	 75.9	104	72
 36.6	 76.7	105	73
 37.4	 77.3	103	74
 38.2	 82.0	101	73
 38.9	 88.5	97	74
 39.6	 93.2	94	74
 40.3	 91.7	92	74
 40.9	 92.6	97	74
 41.6	 91.5	100	76
 42.2	 86.5	102	77
 42.9	 81.7	105	77
 43.6	 80.0	105	76
 44.4	 79.6	104	75
 45.1	 81.5	102	75
 45.9	 82.9	100	75
 46.6	 84.3	100	74
 47.3	 82.9	100	74
 48.0	 79.2	100	73
 48.8	 77.1	101	71
 49.6	 76.7	100	70
 50.4	 76.9	98	70
 51.1	 80.9	96	69
 51.9	 82.4	94	69
 52.6	 82.9	96	69
 53.3	 78.1	97	68
 54.1	 76.7	99	68
 54.9	 73.2	98	68
 55.7	 72.5	97	67
 56.5	 73.9	94	66
 57.3	 78.5	92	65
 58.1	 82.4	91	65
 58.8	 83.1	93	66
 59.6	 81.5	96	68
 60.3	 81.5	99	70
 61.0	 80.6	101	72
 61.8	 78.9	102	74
 62.5	 80.4	103	75
 63.3	 83.8	101	77
 64.0	 85.5	100	79
 64.7	 83.8	103	78
 65.4	 80.4	106	78
 66.2	 75.9	108	78
 67.0	 74.6	108	77
 67.8	 73.7	106	76
 68.6	 79.6	103	75
 69.3	 85.5	97	77
 70.0	 89.0	95	77
 70.7	 91.2	93	76
 71.4	 90.6	90	77
 72.0	 87.5	92	75
 72.7	 86.7	99	74
 73.4	 84.3	107	76
 74.1	 81.5	115	78
 74.8	 80.2	119	80
 75.6	 77.1	120	81
 76.4	 78.3	119	80
 77.1	 82.2	117	80
 77.9	 84.5	116	80
 78.6	 84.0	118	79
 79.3	 77.7	118	79
 80.1	 69.4	120	78
 80.9	 69.9	121	75
 81.8	 72.3	114	70
 82.6	 75.6	111	78
 83.4	 77.9	107	71
 84.2	 83.8	103	68
 84.9	 87.2	102	69
 85.6	 88.8	103	70
 86.3	 85.5	103	69
 87.0	 81.5	105	70
 87.7	 78.5	106	70
 88.5	 76.7	106	70
 89.2	 77.1	104	69
 90.0	 82.6	101	68
 90.7	 85.7	99	68
 91.4	 85.7	101	68
 92.1	 82.0	103	69
 92.9	 78.3	106	70
 93.6	 78.1	106	69
 94.4	 76.3	106	71
 95.2	 76.3	99	72
 96.0	 77.3	100	68
 96.8	 79.8	99	68
 97.5	 84.0	97	66
 98.2	 88.0	95	66
 98.9	 90.4	97	67
 99.6	 89.6	99	69
100.2	 85.7	100	69
100.9	 79.8	101	68
101.7	 75.8	99	66
102.5	 75.4	97	64
103.3	 76.5	93	63
104.1	 81.5	89	61
104.8	 88.2	86	61
105.5	 90.1	86	61
106.2	 92.6	90	63
106.8	 93.5	95	67
107.4	 89.8	98	71
108.1	 81.3	101	72
108.8	 75.6	106	73
109.6	 72.3	109	73
110.5	 72.6	107	72
111.3	 74.1	104	70
112.1	 81.3	100	68
112.8	 84.5	97	67
113.6	 87.0	98	66
114.2	 86.2	98	67
114.9	 80.9	100	67
115.7	 76.3	101	66
116.5	 75.8	101	66
117.3	 78.1	98	66
118.0	 80.0	96	66
118.8	 83.1	94	64
119.5	 89.0	94	64
120.2	 91.2	94	66
120.8	 92.3	97	68
121.5	 86.0	98	70
122.2	 76.9	102	71
123.0	 70.8	101	68
123.8	 67.4	100	66
124.7	 67.3	97	64
125.6	 69.3	92	62
126.5	 75.0	86	60
127.3	 79.2	84	59
128.0	 80.2	85	59
128.8	 79.8	87	60
129.5	 78.7	89	61
130.3	 83.8	91	62
131.0	 90.1	91	65
131.7	 91.5	91	67
132.3	 88.0	92	67
133.0	 90.4	92	66
133.7	 88.5	92	67
134.3	 89.0	94	66
135.0	 85.2	96	68
135.7	 81.7	98	67
136.4	 74.4	100	68
137.3	 72.3	102	67
138.1	 72.8	101	67
138.9	 72.6	99	66
139.7	 79.4	96	65
140.5	 87.7	92	64
141.2	 90.4	87	64
141.8	 90.9	87	64
142.5	 91.5	91	63
143.2	 87.2	98	66
143.8	 80.6	105	70
144.6	 73.7	112	73
145.4	 70.3	115	74
146.3	 73.0	114	74
147.1	 74.8	111	75
147.9	 75.6	110	74
148.7	 73.7	109	72
149.5	 69.6	107	69
150.3	 67.7	106	66
151.2	 69.1	103	65
152.1	 71.4	100	64
152.9	 76.9	96	63
153.7	 81.5	93	64
154.5	 83.3	94	64
155.2	 78.9	96	65
155.9	 74.8	97	64
156.7	 70.6	98	63
157.6	 69.3	97	62
158.5	 67.9	94	62
159.3	 71.3	91	60
160.2	 78.5	86	59
160.9	 82.9	84	60
161.7	 85.2	88	62
162.4	 83.6	92	65
163.1	 77.9	98	68
163.9	 70.8	102	69
164.7	 66.5	104	68
165.6	 66.4	102	67
166.5	 70.3	102	73
167.4	 77.7	92	64
168.1	 82.0	89	63
168.9	 81.5	90	62
169.6	 78.7	93	62
170.4	 74.3	97	63
171.2	 73.3	100	64
172.0	 74.8	101	65
172.8	 79.8	100	66
173.6	 81.3	100	67
174.3	 82.0	102	68
175.0	 79.6	104	68
175.8	 74.1	105	68
176.6	 73.5	105	67
177.4	 73.5	102	67
178.2	 74.3	99	65
179.0	 80.6	95	64
179.8	 82.6	92	63
180.5	 84.0	93	63
181.2	 81.5	95	63
181.9	 76.7	97	64
182.7	 75.8	99	65
183.5	 75.4	99	67
184.3	 76.3	97	67
185.1	 79.6	95	66
185.9	 81.3	95	66
186.6	 79.2	97	66
187.4	 75.4	98	65
188.2	 73.0	98	64
189.0	 72.3	98	64
189.8	 74.3	96	63
190.6	 80.0	93	63
191.4	 82.0	91	64
192.1	 84.3	94	64
192.8	 82.2	97	66
193.5	 77.7	100	68
194.3	 75.0	102	69
195.1	 72.8	104	70
195.9	 72.6	104	71
196.8	 75.6	103	70
197.6	 81.3	99	69
198.3	 83.1	97	69
199.0	 86.0	98	68
199.7	 84.7	101	69
200.4	 81.5	103	70
201.2	 76.1	105	70
201.9	 70.8	106	71
202.8	 72.1	106	70
203.6	 74.3	103	70
204.4	 83.3	99	70
205.1	 87.5	96	70
205.8	 90.9	95	70
206.5	 87.7	90	71
207.2	 87.5	95	68
207.9	 86.0	101	68
208.6	 81.5	108	70
209.3	 78.5	115	73
210.1	 78.3	117	75
210.8	 82.6	117	76
211.6	 88.2	115	78
212.2	 94.6	112	77
212.9	 94.3	112	78
213.5	 89.3	116	77
214.2	 83.1	118	78
214.9	 80.0	117	80
215.6	 82.4	114	79
216.4	 82.2	110	79
217.1	 81.3	112	78
217.8	 76.3	113	77
218.6	 70.8	113	75
219.5	 68.8	113	72
220.3	 68.2	111	70
221.2	 71.8	108	68
222.1	 76.3	105	69
222.9	 76.9	103	70
223.6	 74.6	104	69
224.4	 73.0	106	69
225.3	 72.6	106	69
226.1	 72.8	106	69
226.9	 76.3	104	70
227.7	 78.3	101	70
228.5	 81.5	102	70
229.2	 77.7	103	70
230.0	 75.4	104	70
230.8	 73.5	106	70
231.6	 73.9	105	70
232.4	 75.8	102	69
233.2	 80.9	99	69
233.9	 84.0	98	69
234.6	 85.7	100	70
235.3	 84.3	102	72
236.1	 79.4	105	73
236.8	 74.4	107	73
237.6	 69.3	108	72
238.5	 69.1	107	70
239.3	 72.1	104	69
240.2	 79.2	100	68
240.9	 82.2	95	68
241.7	 86.2	97	68
242.4	 88.8	100	69
243.0	 88.2	102	71
243.7	 85.0	105	72
244.4	 81.5	109	73
245.2	 78.5	110	74
245.9	 78.1	110	73
246.7	 81.7	109	73
247.4	 86.0	104	73
248.1	 89.0	103	72
248.8	 91.5	105	73
249.5	 89.6	107	74
250.1	 87.7	109	73
250.8	 84.3	111	74
251.5	 81.7	113	74
252.3	 76.9	115	74
253.0	 76.7	113	73
253.8	 80.0	120	76
254.6	 88.0	108	74
255.3	 92.0	101	74
255.9	 93.5	94	75
256.5	 94.9	93	72
257.2	 95.8	102	72
257.8	 94.6	112	74
258.4	 89.0	119	77
259.1	 84.0	123	79
259.8	 78.5	128	82
260.6	 77.1	129	81
261.4	 85.2	127	82
262.1	 84.5	122	82
262.8	 76.1	121	80
263.6	 79.4	119	76
264.3	 81.7	115	76
265.1	 79.6	114	75
265.8	 75.8	115	73
266.6	 70.3	113	70
267.5	 69.9	111	67
268.3	 70.1	108	66
269.2	 73.3	104	65
270.0	 73.5	100	65
270.8	 81.7	96	63
271.5	 87.0	93	66
272.2	 89.3	97	66
272.9	 89.6	102	69
273.6	 82.4	106	71
274.3	 75.2	108	72
275.1	 73.7	109	71
275.9	 72.3	107	71
276.7	 73.3	105	70
277.6	 78.3	101	69
278.3	 82.0	100	69
279.1	 81.3	101	70
279.8	 76.7	103	69
280.6	 72.1	105	68
281.4	 69.0	105	68
282.3	 67.6	105	67
283.2	 67.0	102	67
284.1	 70.6	100	65
284.9	 76.3	97	65
285.7	 81.7	93	66
286.4	 83.8	95	67
287.1	 84.3	101	69
287.9	 83.8	104	71
288.6	 79.2	107	74
289.3	 79.4	112	76
290.1	 72.6	114	77
290.9	 72.5	113	75
291.7	 73.0	109	73
292.6	 74.4	104	70
293.4	 84.0	98	67
294.1	 88.0	92	67
294.8	 91.2	93	66
295.4	 90.6	96	68
296.1	 89.3	100	68
296.8	 84.7	104	69
297.5	 78.1	109	70
298.2	 72.3	112	71
299.1	 71.6	113	71
