  0.5	 73.9	110	69	  2.7	 7.93
  1.3	 71.8	108	69	  8.6	 8.32
  2.1	 72.5	104	68	 13.8	 7.51
  2.9	 75.8	99	67	 18.7	 6.72
  3.7	 81.5	95	66	 25.1	 7.65
  4.5	 83.6	95	65	 30.6	 7.28
  5.2	 83.6	100	66	 36.9	 7.40
  5.9	 80.2	105	68	 43.6	 7.32
  6.7	 77.5	108	69	 49.9	 7.94
  7.4	 73.9	107	70	 55.3	 8.24
  8.2	 73.9	104	70	 60.9	 6.74
  9.1	 76.7	100	68	 67.2	 8.29
  9.8	 80.2	97	68	 73.5	 8.77
 10.6	 80.6	98	67	 79.4	 8.84
 11.3	 78.5	102	67	 84.2	 7.57
 12.1	 75.8	105	68	 89.9	 8.17
 12.9	 73.3	104	69	 95.5	 8.15
 13.7	 72.5	101	68	101.0	 7.18
 14.5	 76.3	96	66	107.5	 7.24
 15.3	 77.5	95	65	114.0	 8.34
 16.1	 76.7	98	65	120.3	 7.98
 16.9	 76.1	101	66	126.3	 7.79
 17.7	 75.8	99	67	132.8	 7.64
 18.5	 76.1	97	66	138.7	 7.12
 19.2	 80.4	93	65	145.3	 7.49
 20.0	 81.7	91	65	151.3	 8.77
 20.7	 82.6	94	65	156.0	 7.38
 21.4	 80.2	99	66	162.1	 7.83
 22.2	 78.7	102	67	167.7	 8.52
 23.0	 75.6	101	69	172.8	 7.38
 23.8	 72.8	99	68	180.2	10.40
 24.6	 71.6	95	66	185.0	 8.04
 25.4	 73.9	92	64	189.3	 8.13
 26.2	 77.3	88	63	194.8	 9.38
 27.0	 78.1	89	62	201.3	 8.62
 27.8	 76.5	93	62	208.6	 9.87
 28.6	 75.2	97	64	214.8	 9.27
 29.4	 74.3	97	65	220.9	 8.54
 30.2	 74.1	94	65	226.5	 9.15
 31.0	 77.5	90	65	231.8	 7.70
 31.7	 80.6	88	64	237.3	 7.79
 32.5	 81.7	90	63	242.3	 9.38
 33.2	 82.0	94	64	247.6	 7.70
 34.0	 79.8	99	67	252.1	10.29
 34.7	 76.5	102	68	257.2	 8.15
 35.5	 72.6	101	69	263.1	 7.03
 36.3	 71.6	98	68	269.0	 7.62
 37.2	 75.8	93	66	274.6	 8.15
 37.9	 79.6	91	65	279.3	 8.38
 38.7	 80.6	91	65	284.0	10.39
 39.4	 80.9	94	65	287.5	11.08
 40.2	 80.0	97	66	291.0	 6.48
 40.9	 77.9	99	67
 41.7	 75.9	100	68
 42.5	 75.0	98	68
 43.3	 75.9	96	68
 44.1	 79.8	91	67
 44.8	 82.4	90	65
 45.6	 83.3	92	65
 46.3	 83.6	95	66
 47.0	 80.9	100	68
 47.7	 75.0	103	70
 48.5	 69.1	103	70
 49.4	 67.9	100	68
 50.3	 73.2	95	67
 51.1	 75.8	92	66
 51.9	 76.3	92	65
 52.7	 75.0	96	65
 53.5	 72.6	97	66
 54.3	 72.6	95	66
 55.1	 73.9	92	66
 56.0	 79.8	89	64
 56.7	 81.1	89	64
 57.5	 81.3	93	65
 58.2	 79.8	98	67
 58.9	 76.7	100	69
 59.7	 73.3	100	70
 60.5	 72.3	99	69
 61.4	 75.9	95	68
 62.2	 77.7	93	68
 62.9	 76.5	95	67
 63.7	 74.8	97	67
 64.5	 72.1	100	67
 65.3	 69.8	100	68
 66.2	 68.6	96	67
 67.1	 71.8	92	65
 67.9	 77.9	86	64
 68.7	 82.0	85	63
 69.4	 83.3	90	64
 70.1	 81.1	95	66
 70.9	 78.9	101	68
 71.6	 72.5	102	70
 72.5	 71.3	101	69
 73.3	 71.8	97	69
 74.1	 78.1	93	68
 74.9	 79.4	91	67
 75.7	 80.0	93	66
 76.4	 79.4	96	67
 77.2	 76.9	99	68
 78.0	 74.4	100	69
 78.8	 74.1	97	68
 79.6	 76.7	92	67
 80.4	 81.3	88	66
 81.1	 82.2	88	65
 81.8	 80.9	93	65
 82.6	 79.6	97	66
 83.3	 78.7	97	68
 84.1	 78.9	95	68
 84.8	 82.2	91	67
 85.6	 82.6	91	67
 86.3	 81.7	93	67
 87.0	 79.4	97	68
 87.8	 76.7	100	69
 88.6	 74.4	98	70
 89.4	 74.4	94	68
 90.2	 77.7	90	67
 91.0	 81.7	87	65
 91.7	 82.4	88	65
 92.4	 81.7	92	65
 93.2	 79.6	96	67
 93.9	 76.9	98	69
 94.7	 76.3	97	69
 95.5	 76.5	94	69
 96.3	 81.3	90	67
 97.0	 82.4	90	67
 97.7	 82.0	92	67
 98.5	 80.9	96	68
 99.2	 78.9	98	69
100.0	 76.7	97	70
100.7	 76.3	94	69
101.5	 79.8	90	67
102.3	 82.0	88	67
103.0	 81.7	90	66
103.7	 81.1	94	67
104.5	 78.1	98	68
105.2	 75.0	100	70
106.0	 71.9	99	70
106.9	 70.8	96	69
107.7	 74.4	92	67
108.5	 78.9	89	66
109.3	 79.8	89	66
110.0	 80.4	93	66
110.8	 77.5	98	68
111.6	 75.6	101	69
112.4	 73.0	100	70
113.2	 71.6	97	70
114.0	 73.3	94	68
114.8	 78.7	90	67
115.6	 79.8	89	67
116.4	 80.0	92	66
117.1	 77.5	96	67
117.9	 76.1	101	69
118.7	 73.5	101	71
119.5	 73.5	99	70
120.3	 75.6	96	70
121.1	 80.2	92	68
121.8	 82.0	92	68
122.6	 83.1	95	68
123.3	 81.7	100	69
124.0	 77.1	105	72
124.8	 70.8	106	73
125.7	 68.6	104	72
126.5	 70.9	98	70
127.4	 75.4	94	69
128.2	 76.9	93	68
128.9	 77.7	94	67
129.7	 76.3	97	68
130.5	 75.8	100	69
131.3	 73.3	97	70
132.1	 74.1	95	69
132.9	 76.9	90	67
133.7	 81.5	87	65
134.4	 83.6	88	65
135.2	 84.0	92	66
135.9	 81.7	98	68
136.6	 78.1	102	70
137.4	 73.7	102	71
138.2	 72.5	100	71
139.0	 75.2	96	70
139.8	 78.5	92	69
140.6	 78.3	92	68
141.3	 78.3	95	67
142.1	 76.3	96	68
142.9	 74.3	99	69
143.7	 72.6	98	69
144.5	 73.2	95	69
145.4	 75.2	91	67
146.2	 80.9	88	66
146.9	 82.6	88	66
147.6	 84.3	91	66
148.3	 83.8	96	68
149.0	 82.4	100	70
149.8	 77.1	101	72
150.6	 74.1	101	72
151.4	 73.5	98	71
152.2	 78.3	95	70
152.9	 78.3	93	69
153.7	 76.9	97	69
154.5	 76.5	101	69
155.3	 75.2	101	71
156.1	 76.3	98	71
156.9	 79.4	96	70
157.6	 78.9	96	70
158.4	 78.5	99	70
159.1	 75.4	103	71
159.9	 73.3	104	72
160.8	 72.1	102	71
161.6	 71.1	98	70
162.4	 74.4	93	69
163.2	 78.9	90	68
164.0	 80.2	90	67
164.7	 79.4	95	67
165.5	 76.3	99	69
166.3	 72.3	101	70
167.1	 70.8	100	70
168.0	 73.7	95	69
168.8	 76.9	92	68
169.6	 76.9	92	67
170.3	 76.5	97	68
171.1	 74.8	99	69
171.9	 74.1	98	70
172.7	 75.4	94	69
173.5	 81.1	91	68
174.3	 82.9	90	67
175.0	 82.2	93	68
175.7	 79.8	98	69
176.5	 75.4	101	70
177.3	 70.9	103	71
178.1	 69.3	100	70
179.0	 69.6	96	69
179.8	 70.8	94	68
180.7	 77.3	90	67
181.5	 82.0	88	66
182.2	 81.7	92	67
182.9	 80.6	100	69
183.7	 76.1	104	72
184.5	 71.4	105	73
185.3	 72.6	103	72
186.1	 74.3	100	72
186.9	 70.9	102	71
187.8	 69.3	105	71
188.7	 69.3	102	71
189.5	 73.7	97	70
190.3	 77.5	94	69
191.1	 77.9	94	69
191.9	 77.1	100	69
192.7	 80.4	103	71
193.4	 81.5	104	73
194.1	 79.4	104	74
194.9	 80.4	101	74
195.6	 84.3	98	73
196.4	 83.6	98	72
197.1	 81.3	102	72
197.8	 77.1	105	73
198.6	 75.4	107	73
199.4	 73.2	104	73
200.2	 76.5	99	72
201.0	 78.7	95	71
201.7	 81.5	90	69
202.5	 82.9	89	67
203.2	 82.4	91	67
203.9	 81.3	94	67
204.7	 77.7	98	69
205.4	 72.1	100	69
206.3	 68.8	101	69
207.2	 67.6	99	69
208.0	 68.2	95	68
208.9	 73.3	89	66
209.7	 77.3	86	65
210.5	 78.7	88	65
211.3	 78.1	93	65
212.0	 75.9	98	68
212.8	 72.8	99	69
213.7	 70.4	98	69
214.5	 69.9	94	68
215.4	 75.6	90	66
216.2	 77.5	88	66
216.9	 78.5	90	65
217.7	 76.5	94	66
218.5	 75.0	97	68
219.3	 72.5	97	68
220.1	 71.6	95	68
220.9	 72.3	92	67
221.8	 77.1	88	66
222.6	 77.5	87	65
223.3	 76.7	90	65
224.1	 75.4	94	66
224.9	 73.3	96	67
225.7	 71.4	95	67
226.6	 74.3	90	67
227.4	 79.6	86	65
228.1	 80.9	86	64
228.9	 79.2	90	65
229.6	 78.9	96	66
230.4	 76.5	96	68
231.2	 75.8	94	68
232.0	 77.5	90	67
232.7	 80.9	87	65
233.5	 81.5	87	65
234.2	 80.6	91	65
235.0	 78.9	95	66
235.7	 77.1	97	68
236.5	 73.7	96	69
237.3	 73.2	93	67
238.1	 75.6	89	66
238.9	 76.5	88	65
239.7	 75.8	91	65
240.5	 75.6	96	66
241.3	 74.1	96	68
242.1	 74.3	95	68
242.9	 79.6	91	67
243.7	 81.5	90	67
244.4	 81.1	93	67
245.1	 79.8	98	69
245.9	 75.4	102	70
246.7	 72.3	101	71
247.5	 71.6	98	70
248.4	 74.8	94	68
249.2	 72.6	93	67
250.0	 72.8	96	66
250.8	 73.5	97	67
251.6	 73.5	95	68
252.4	 77.3	91	67
253.2	 81.1	89	66
254.0	 81.7	90	66
254.7	 80.2	95	67
255.4	 78.1	100	69
256.2	 74.4	101	71
257.0	 72.1	99	70
257.8	 76.5	95	69
258.6	 77.5	93	68
259.4	 76.1	94	67
260.2	 73.3	98	68
261.0	 71.3	99	68
261.9	 69.3	97	68
262.7	 69.3	93	66
263.6	 73.3	87	65
264.4	 76.1	85	63
265.2	 77.9	87	63
266.0	 77.3	91	64
266.7	 76.3	96	66
267.5	 72.8	98	68
268.3	 72.8	97	68
269.2	 73.3	93	68
270.0	 76.9	90	66
270.8	 76.7	89	65
271.6	 75.9	91	65
272.3	 73.7	95	66
273.2	 72.5	94	69
274.0	 70.4	94	65
274.8	 72.3	90	65
275.7	 75.8	86	64
276.5	 74.3	87	62
277.3	 75.0	93	62
278.1	 75.2	95	65
278.9	 75.0	96	67
279.7	 78.1	94	67
280.4	 80.4	93	67
281.2	 78.7	95	67
281.9	 77.3	101	68
282.7	 73.3	103	70
283.5	 72.3	102	70
284.4	 75.6	98	69
285.2	 75.6	95	69
286.0	 75.0	99	68
286.8	 74.8	100	69
287.6	 75.4	98	69
288.4	 78.7	96	69
289.1	 77.3	96	69
289.9	 75.2	101	68
290.7	 72.5	102	69
291.5	 74.1	98	69
292.3	 74.4	95	68
293.1	 74.6	96	67
293.9	 74.4	99	67
294.7	 73.3	100	69
295.6	 70.9	99	69
296.4	 74.6	95	68
297.2	 77.7	92	67
298.0	 75.2	95	67
298.8	 73.5	100	67
