  0.6	 63.8	117	66	  0.5	 5.90
  1.5	 64.8	107	66	  6.4	 5.69
  2.5	 64.9	105	65	 12.3	 6.37
  3.4	 63.4	111	64	 19.2	 6.95
  4.3	 63.8	117	66	 24.0	 6.57
  5.3	 62.4	118	69	 29.1	 7.60
  6.2	 62.8	116	69	 34.1	 9.31
  7.2	 64.1	111	68	 37.5	 8.91
  8.1	 65.2	106	65	 40.6	 6.91
  9.1	 64.0	110	64	 44.5	 6.67
 10.0	 64.5	117	65	 47.7	 8.63
 10.9	 64.1	117	68	 51.8	 8.74
 11.9	 63.7	115	69	 56.3	 8.91
 12.8	 64.1	111	67	 60.2	11.92
 13.7	 65.2	104	66	 63.5	10.37
 14.7	 65.4	104	63	 67.2	 7.81
 15.6	 64.1	108	62	 71.2	 9.46
 16.5	 64.2	113	63	 75.6	 9.81
 17.4	 64.8	111	65	 79.9	 8.45
 18.4	 64.0	107	65	 84.0	10.79
 19.3	 64.5	104	64	 87.9	11.42
 20.2	 66.8	98	62	 91.1	 8.22
 21.1	 66.8	98	61	 94.6	 8.79
 22.0	 65.8	108	62	 98.5	 8.68
 22.9	 65.4	113	66	102.6	 8.88
 23.9	 66.1	111	67	106.1	 8.88
 24.8	 66.8	107	67	109.2	 8.77
 25.7	 66.8	104	66	113.6	11.05
 26.6	 65.8	110	65	116.7	 9.45
 27.5	 65.4	114	65	120.8	 7.21
 28.4	 65.9	111	66	125.4	10.42
 29.3	 67.1	108	65	128.6	 9.04
 30.2	 69.1	102	65	132.3	 7.27
 31.1	 69.9	101	63	135.7	 9.11
 31.9	 69.1	108	63	139.9	 9.34
 32.8	 67.6	112	66	143.3	10.02
 33.7	 67.4	110	67	147.2	 9.25
 34.6	 70.1	106	66	150.4	 9.24
 35.4	 68.0	101	66	154.2	 8.51
 36.3	 66.2	107	63	159.4	11.99
 37.2	 65.9	108	65	163.3	10.94
 38.1	 67.7	103	64	166.8	 8.10
 39.0	 65.4	102	64	170.6	 7.33
 39.9	 64.5	107	63	174.4	 8.37
 40.9	 65.9	103	63	178.5	 9.47
 41.8	 66.8	97	62	182.1	 8.78
 42.7	 65.8	100	61	186.1	 8.22
 43.6	 66.1	105	62	189.9	 8.35
 44.5	 66.4	104	64	193.7	 7.14
 45.4	 67.6	101	64	197.8	 7.74
 46.3	 66.5	103	64	201.8	 8.84
 47.2	 67.4	106	64	205.4	 9.26
 48.1	 68.5	104	65	209.0	 6.97
 49.0	 70.3	101	65	212.4	 4.23
 49.8	 69.1	104	65	221.5	10.66
 50.7	 67.3	109	65	225.4	 6.29
 51.6	 68.3	108	67	227.9	14.29
 52.4	 70.3	104	66	230.8	 9.80
 53.3	 69.9	102	66	233.6	 7.05
 54.2	 68.2	109	65	237.0	 6.79
 55.0	 68.0	111	65	243.1	12.03
 55.9	 67.4	107	65	244.9	 4.42
 56.8	 71.1	102	64	248.3	 3.44
 57.6	 70.4	97	64	251.0	 8.87
 58.5	 69.8	104	62	253.9	 6.44
 59.4	 69.6	109	64	257.3	 7.60
 60.2	 70.8	106	65	260.8	 6.92
 61.1	 73.0	102	65	264.2	 5.00
 61.9	 67.9	100	65	268.1	 6.48
 62.8	 68.0	109	63	271.6	 4.99
 63.7	 70.1	103	63	276.0	 7.05
 64.5	 71.3	97	63	280.0	 5.30
 65.4	 66.2	98	62	283.7	 7.27
 66.3	 64.8	104	61	287.2	 9.28
 67.2	 67.0	101	61	291.4	 6.77
 68.1	 67.9	95	60	295.4	 6.81
 69.0	 64.8	95	59
 69.9	 63.2	100	59
 70.8	 64.7	98	60
 71.8	 67.0	94	60
 72.7	 68.5	89	60
 73.5	 68.0	96	59
 74.4	 68.6	105	63
 75.3	 67.4	106	66
 76.2	 70.8	104	65
 77.0	 70.6	101	66
 77.9	 67.9	104	66
 78.8	 67.0	111	65
 79.7	 66.2	107	66
 80.6	 70.8	102	64
 81.4	 69.0	98	64
 82.3	 68.3	106	63
 83.2	 69.4	113	67
 84.0	 69.8	112	69
 84.9	 71.1	108	68
 85.7	 69.0	107	67
 86.6	 65.8	114	66
 87.5	 66.1	112	65
 88.4	 67.4	105	63
 89.3	 65.9	100	63
 90.2	 63.8	108	62
 91.2	 65.9	104	61
 92.1	 66.1	97	62
 93.0	 63.4	101	61
 93.9	 62.9	104	61
 94.9	 64.2	101	61
 95.8	 64.2	94	61
 96.8	 63.3	98	59
 97.7	 63.2	103	60
 98.7	 66.1	102	62
 99.6	 67.0	98	63
100.5	 65.4	101	62
101.4	 64.5	108	63
102.3	 63.7	107	65
103.2	 65.8	103	64
104.2	 63.3	100	63
105.1	 63.8	106	62
106.0	 64.1	104	62
107.0	 65.1	98	61
107.9	 64.1	102	61
108.8	 65.1	105	63
109.8	 66.7	102	63
110.7	 66.4	97	63
111.6	 64.8	101	61
112.5	 64.8	104	62
113.4	 64.9	100	62
114.3	 67.0	93	59
115.2	 64.7	95	59
116.2	 64.8	99	60
117.1	 66.7	96	60
118.0	 65.8	90	60
118.9	 64.4	96	59
119.8	 64.5	101	60
120.8	 65.1	99	62
121.7	 66.2	96	62
122.6	 64.9	96	62
123.5	 64.7	105	61
124.4	 65.4	108	64
125.4	 66.4	105	65
126.3	 67.4	103	65
127.2	 64.4	106	66
128.1	 65.2	112	66
129.0	 65.2	107	65
129.9	 64.8	100	64
130.9	 64.0	105	62
131.8	 63.2	109	63
132.7	 64.9	104	63
133.7	 63.4	98	63
134.6	 63.4	104	61
135.6	 64.8	104	62
136.5	 67.0	99	62
137.4	 66.5	99	63
138.3	 64.9	108	63
139.2	 65.4	110	65
140.1	 67.4	108	65
141.0	 67.6	101	66
141.9	 66.1	109	64
142.8	 66.8	111	66
143.7	 70.4	107	65
144.6	 71.3	102	66
145.4	 69.4	109	66
146.3	 68.0	120	69
147.2	 66.7	122	72
148.1	 67.7	117	70
148.9	 66.1	118	69
149.8	 65.2	120	68
150.8	 68.8	113	65
151.6	 70.6	104	64
152.5	 70.6	105	62
153.3	 70.4	110	64
154.2	 72.6	108	65
155.0	 74.4	105	66
155.8	 73.5	103	65
156.6	 73.9	113	66
157.4	 77.1	111	69
158.2	 79.8	109	69
159.0	 73.9	105	69
159.8	 75.6	104	65
160.6	 75.6	102	64
161.4	 71.9	105	63
162.2	 69.9	110	63
163.1	 69.3	108	64
163.9	 72.3	102	63
164.8	 69.9	100	63
165.6	 69.3	108	62
166.5	 70.1	107	64
167.3	 71.3	104	64
168.2	 68.5	100	64
169.1	 67.1	107	62
170.0	 65.2	108	64
170.9	 64.2	104	63
171.8	 64.5	98	62
172.7	 63.7	101	60
173.7	 64.2	104	61
174.6	 65.4	101	61
175.5	 67.3	95	62
176.4	 65.6	100	61
177.3	 65.8	105	63
178.3	 65.6	104	64
179.2	 68.0	101	64
180.1	 66.8	101	65
180.9	 65.9	110	64
181.9	 65.9	107	65
182.8	 68.6	103	63
183.6	 67.1	100	63
184.5	 65.2	110	63
185.5	 64.9	114	65
186.4	 67.3	111	65
187.3	 66.8	104	65
188.2	 66.1	107	63
189.1	 65.4	111	63
190.0	 67.3	106	63
190.9	 67.9	100	63
191.8	 66.7	105	63
192.7	 65.9	108	64
193.6	 66.1	104	64
194.5	 68.2	101	64
195.4	 65.4	102	64
196.3	 64.0	110	63
197.2	 65.1	108	64
198.2	 65.6	105	63
199.1	 64.5	99	64
200.0	 63.3	105	62
200.9	 62.4	107	62
201.9	 63.6	103	62
202.8	 64.2	96	61
203.8	 63.6	98	59
204.7	 64.4	105	61
205.7	 66.7	105	62
206.6	 64.9	99	63
207.5	 63.6	105	61
208.4	 63.3	108	62
209.4	 63.2	104	62
210.3	 62.2	96	61
211.3	 61.0	101	58
212.3	 61.2	104	60
213.3	 61.5	103	62
214.2	 61.2	109	63
215.2	 60.0	110	63
216.2	 60.4	110	64
217.2	 61.3	106	62
218.2	 61.6	106	63
219.2	 62.4	111	65
220.1	 62.1	109	63
221.1	 61.7	116	63
222.1	 64.5	108	63
223.0	 63.0	108	63
223.9	 61.9	114	63
224.9	 62.2	111	65
225.9	 62.1	101	62
226.8	 62.0	108	61
227.8	 63.4	98	61
228.8	 63.8	93	59
229.7	 62.2	101	59
230.7	 62.1	102	61
231.6	 62.2	98	61
232.6	 60.1	102	60
233.6	 60.2	102	61
234.6	 60.2	96	60
235.6	 59.2	100	59
236.6	 59.4	105	61
237.6	 61.1	104	61
238.6	 60.1	102	62
239.6	 58.8	109	60
240.6	 60.0	105	61
241.6	 60.4	108	62
242.6	 62.6	104	65
243.6	 63.8	100	62
244.5	 62.6	106	62
245.4	 62.0	104	61
246.4	 66.8	111	60
247.3	 64.5	107	65
248.2	 65.5	102	62
249.2	 64.1	94	60
250.1	 62.9	102	57
251.1	 63.4	98	58
252.0	 62.4	92	58
253.0	 61.9	99	57
253.9	 61.9	98	59
254.9	 62.0	92	58
255.9	 61.6	98	58
256.8	 61.3	98	59
257.8	 63.4	95	59
258.8	 63.7	93	60
259.7	 64.5	103	60
260.6	 64.9	107	64
261.6	 64.8	104	66
262.5	 63.8	111	66
263.4	 63.0	114	66
264.4	 64.1	109	65
265.3	 62.9	100	63
266.3	 62.1	104	60
267.2	 63.2	104	60
268.2	 64.8	99	59
269.1	 65.2	93	59
270.0	 64.9	100	58
271.0	 65.4	101	60
271.9	 67.0	98	60
272.8	 64.9	94	61
273.7	 64.1	100	60
274.6	 63.2	102	61
275.6	 63.4	100	64
276.5	 65.4	96	60
277.4	 63.3	97	61
278.4	 62.5	103	59
279.4	 62.6	102	60
280.3	 65.1	97	59
281.2	 62.8	96	59
282.2	 62.8	100	60
283.1	 63.7	97	59
284.1	 66.5	89	57
285.0	 65.9	93	58
285.9	 65.9	100	62
286.8	 66.4	97	62
287.7	 70.4	94	60
288.6	 68.6	93	61
289.4	 65.6	101	60
290.4	 65.1	106	64
291.3	 65.4	101	63
292.2	 67.1	96	61
293.1	 65.4	96	60
294.0	 63.0	101	59
295.0	 62.2	103	60
295.9	 64.5	99	59
296.8	 63.0	96	59
297.8	 62.9	104	58
