  0.9	 62.5	139	86	  5.6	10.55
  1.8	 63.7	130	85	 11.4	11.32
  2.8	 61.7	135	86	 17.1	11.25
  3.7	 58.5	137	88	 23.1	10.14
  4.8	 57.6	136	88	 30.0	10.33
  5.8	 58.6	134	87	 36.6	10.77
  6.8	 63.0	129	85	 43.0	 9.97
  7.8	 62.6	129	86	 48.9	 9.57
  8.7	 58.3	136	88	 55.9	 9.04
  9.8	 54.2	137	90	 62.2	 9.37
 10.9	 55.9	135	89	 68.7	 8.73
 11.9	 59.8	132	87	 75.6	 9.42
 12.9	 63.3	128	88	 82.0	 8.42
 13.9	 61.7	131	91	 88.3	 9.29
 14.9	 55.9	137	92	 96.0	10.49
 15.9	 51.9	139	92	102.7	 9.94
 17.1	 53.9	135	90	109.5	 8.98
 18.2	 58.3	130	86	116.7	 8.89
 19.2	 59.3	126	85	123.7	 9.48
 20.3	 57.4	129	83	130.2	 9.92
 21.3	 56.0	131	83	136.6	 9.43
 22.4	 56.5	131	84	144.1	10.99
 23.4	 58.9	129	85	150.2	 9.54
 24.5	 62.2	125	85	156.6	10.54
 25.4	 63.8	124	85	162.2	 9.57
 26.4	 62.0	129	86	168.3	10.87
 27.3	 56.0	134	88	174.6	10.75
 28.4	 54.6	134	88	180.5	10.69
 29.5	 56.3	131	87	186.4	11.81
 30.6	 60.5	128	85	191.9	10.18
 31.6	 63.8	124	85	198.4	11.10
 32.5	 64.2	124	83	204.3	10.87
 33.4	 62.9	129	84	211.4	11.03
 34.4	 59.8	133	86	218.2	10.45
 35.4	 58.8	132	87	225.0	 9.06
 36.4	 59.4	130	87	232.7	11.21
 37.4	 63.6	126	85	238.4	 9.89
 38.4	 67.1	123	83	245.2	 9.40
 39.3	 68.5	126	85	251.7	10.42
 40.1	 64.7	133	89	257.9	 9.60
 41.1	 54.8	139	93	264.6	 8.85
 42.2	 51.2	140	93	271.3	10.19
 43.3	 54.3	137	91	278.0	 9.74
 44.4	 58.4	130	88	284.3	 9.69
 45.5	 57.8	127	86	290.9	10.26
 46.5	 55.7	129	84
 47.6	 55.6	128	82
 48.7	 57.0	127	81
 49.7	 61.3	123	80
 50.7	 65.4	120	81
 51.6	 65.5	121	82
 52.5	 61.5	128	84
 53.5	 56.4	132	86
 54.6	 55.4	132	86
 55.6	 54.3	130	86
 56.7	 58.7	127	83
 57.8	 62.4	122	83
 58.7	 62.2	124	84
 59.7	 57.8	132	87
 60.7	 53.4	135	90
 61.9	 53.9	134	89
 63.0	 57.7	130	88
 64.0	 59.8	125	87
 65.0	 58.1	127	86
 66.0	 54.7	130	85
 67.1	 55.1	130	83
 68.2	 55.6	128	84
 69.3	 58.3	126	83
 70.3	 61.1	123	83
 71.3	 60.2	123	84
 72.3	 57.5	128	83
 73.4	 54.2	130	83
 74.5	 54.6	128	81
 75.6	 57.0	126	81
 76.6	 61.6	122	79
 77.6	 64.0	120	79
 78.5	 62.8	124	80
 79.5	 59.6	130	83
 80.5	 57.3	131	86
 81.5	 55.9	129	86
 82.6	 58.6	128	84
 83.6	 61.5	122	82
 84.6	 60.2	124	81
 85.6	 57.8	129	82
 86.6	 56.2	129	84
 87.7	 55.9	128	84
 88.8	 58.4	125	82
 89.8	 62.5	120	80
 90.8	 64.4	119	80
 91.7	 62.2	124	82
 92.7	 58.6	128	84
 93.7	 55.8	130	86
 94.8	 56.4	129	85
 95.8	 56.4	127	84
 96.9	 60.6	123	81
 97.9	 63.3	119	81
 98.8	 63.0	122	81
 99.8	 60.6	127	83
100.8	 56.8	131	85
101.8	 56.4	130	85
102.9	 58.3	127	85
103.9	 62.2	123	83
104.9	 63.6	121	82
105.8	 62.9	125	83
106.8	 59.5	130	85
107.8	 56.4	132	87
108.9	 56.8	131	87
109.9	 59.6	128	85
110.9	 64.9	122	85
111.8	 67.0	122	85
112.7	 66.8	128	87
113.6	 60.1	134	92
114.6	 50.0	141	94
115.8	 52.8	138	91
117.0	 57.6	132	90
118.0	 62.9	126	89
119.0	 66.2	123	88
119.9	 65.5	127	88
120.8	 61.7	132	91
121.8	 57.4	133	92
122.8	 59.1	130	90
123.8	 61.2	127	89
124.8	 65.5	123	86
125.7	 67.4	120	86
126.6	 65.1	123	86
127.5	 60.6	127	86
128.5	 58.3	127	85
129.6	 58.7	124	84
130.6	 61.5	120	81
131.6	 66.7	115	78
132.5	 68.3	115	78
133.3	 66.4	120	79
134.2	 61.6	126	83
135.2	 59.5	126	85
136.2	 60.5	126	85
137.2	 63.8	123	83
138.2	 68.3	121	83
139.0	 68.3	122	85
139.9	 67.0	127	87
140.8	 71.6	130	89
141.6	 67.0	131	91
142.5	 59.6	129	90
143.5	 60.0	127	86
144.5	 63.0	123	82
145.5	 66.5	118	79
146.4	 66.7	119	79
147.3	 65.1	125	79
148.2	 62.8	128	80
149.2	 63.0	128	80
150.1	 64.2	126	81
151.1	 69.1	124	80
151.9	 70.4	123	82
152.8	 69.3	127	85
153.6	 62.0	134	88
154.6	 55.4	137	90
155.7	 56.1	136	89
156.8	 57.8	132	86
157.8	 61.9	127	83
158.8	 61.7	125	82
159.8	 61.5	129	80
160.7	 61.3	131	82
161.7	 61.9	130	83
162.7	 63.2	128	84
163.6	 65.6	126	84
164.5	 64.9	127	85
165.5	 60.9	133	85
166.4	 58.4	134	87
167.5	 57.4	133	87
168.5	 59.8	129	84
169.5	 63.8	124	82
170.5	 65.1	124	80
171.4	 61.6	129	81
172.4	 58.3	133	84
173.4	 57.8	133	85
174.4	 59.1	131	85
175.4	 64.1	127	83
176.4	 67.4	124	84
177.3	 66.5	127	86
178.2	 62.4	134	88
179.1	 60.6	136	90
180.1	 57.5	135	91
181.2	 60.2	132	88
182.2	 62.2	127	86
183.1	 62.8	127	83
184.1	 60.9	130	83
185.1	 61.0	131	84
186.1	 60.5	131	86
187.0	 63.7	129	86
188.0	 67.1	126	85
188.9	 67.1	128	86
189.8	 62.4	134	88
190.7	 58.4	137	89
191.8	 56.4	134	89
192.8	 60.5	131	85
193.8	 63.6	126	84
194.8	 62.4	128	83
195.7	 58.5	131	83
196.8	 56.9	132	83
197.8	 56.3	130	83
198.9	 59.5	126	80
199.9	 63.6	123	79
200.8	 65.6	123	80
201.7	 63.8	129	82
202.7	 61.6	134	86
203.7	 56.8	135	91
204.7	 57.9	135	89
205.7	 61.1	129	88
206.7	 62.4	125	85
207.7	 60.6	128	84
208.7	 58.7	131	82
209.7	 57.6	132	82
210.7	 58.6	130	82
211.8	 61.2	127	81
212.8	 64.9	123	80
213.7	 67.9	123	79
214.6	 67.0	126	82
215.5	 61.3	132	84
216.4	 56.3	135	84
217.5	 56.2	133	84
218.6	 58.8	130	82
219.6	 62.4	123	79
220.5	 64.0	122	78
221.5	 64.0	125	79
222.4	 59.5	130	80
223.4	 56.8	131	82
224.5	 56.1	130	82
225.6	 59.9	127	80
226.6	 64.2	122	79
227.5	 65.4	122	79
228.4	 63.4	128	82
229.4	 57.1	134	85
230.4	 53.6	135	87
231.5	 62.2	132	86
232.5	 62.0	129	87
233.5	 64.0	125	83
234.4	 66.2	122	81
235.3	 65.1	126	80
236.2	 61.1	129	80
237.2	 58.6	130	81
238.2	 57.6	128	81
239.3	 61.6	125	77
240.2	 64.7	120	77
241.2	 64.9	122	77
242.1	 61.9	129	80
243.1	 57.4	132	84
244.1	 56.2	132	85
245.2	 57.6	130	84
246.2	 61.9	125	82
247.2	 62.6	124	83
248.2	 60.2	128	81
249.2	 55.4	132	82
250.2	 55.2	131	81
251.3	 56.3	130	80
252.4	 60.4	126	78
253.4	 64.0	119	77
254.3	 64.5	121	77
255.2	 62.0	128	80
256.2	 57.9	132	83
257.3	 55.4	132	85
258.3	 56.8	130	85
259.4	 60.2	126	83
260.4	 61.9	125	82
261.4	 59.2	129	83
262.4	 54.3	133	83
263.5	 53.3	132	82
264.6	 56.0	130	80
265.7	 61.2	124	78
266.7	 64.0	121	77
267.6	 63.6	126	79
268.5	 58.4	132	84
269.6	 50.6	135	87
270.8	 50.6	135	86
271.9	 55.7	130	83
273.0	 59.2	123	81
274.0	 58.1	123	79
275.1	 54.7	128	78
276.2	 53.5	129	78
277.3	 54.6	127	77
278.4	 58.5	123	76
279.4	 63.0	117	75
280.4	 64.2	118	75
281.3	 64.0	125	76
282.2	 60.0	130	81
283.2	 55.8	132	83
284.3	 56.4	132	84
285.4	 61.1	127	82
286.3	 62.6	124	81
287.3	 61.5	128	80
288.3	 58.7	132	82
289.3	 58.1	132	83
290.3	 58.3	131	84
291.4	 61.1	127	83
292.3	 64.1	124	82
293.3	 65.8	124	82
294.2	 64.4	127	83
295.1	 61.0	132	85
296.1	 55.5	135	87
297.2	 56.0	133	86
298.3	 58.8	129	83
