  0.4	 85.2	115	88	  0.6	17.04
  1.1	 86.0	108	66	  4.0	10.89
  1.8	 84.3	114	67	  8.1	 8.68
  2.5	 82.4	118	68	 12.3	 7.62
  3.2	 78.7	116	68	 17.3	 8.54
  4.0	 79.8	113	67	 21.9	 9.23
  4.7	 82.6	109	66	 26.2	 9.51
  5.4	 82.6	111	67	 30.6	 8.12
  6.2	 82.0	114	67	 34.4	 8.08
  6.9	 80.6	114	67	 38.0	 9.53
  7.6	 80.2	113	67	 42.0	 8.98
  8.4	 82.9	110	67	 46.2	 8.60
  9.1	 81.1	108	67	 50.3	 8.54
  9.9	 77.5	110	66	 54.6	 7.35
 10.6	 75.2	110	65	 59.0	 8.87
 11.4	 74.8	108	64	 63.2	 9.09
 12.2	 77.1	104	63	 67.0	 8.39
 13.0	 80.2	99	62	 70.2	 8.39
 13.8	 80.4	100	62	 74.1	 8.16
 14.5	 79.2	104	62	 77.6	 8.51
 15.3	 77.7	106	63	 81.6	 8.30
 16.0	 75.9	105	63	 85.3	 8.62
 16.8	 76.7	103	63	 88.8	 7.77
 17.6	 80.2	100	62	 92.3	 8.09
 18.3	 81.7	98	62	 96.3	 4.21
 19.1	 81.3	101	62	102.9	 8.39
 19.8	 80.4	105	63	106.8	 8.94
 20.6	 79.4	107	65	111.0	10.52
 21.3	 77.7	106	66	114.6	 7.96
 22.1	 81.1	105	65	118.4	 8.88
 22.8	 82.0	102	65	122.2	 9.42
 23.6	 81.7	105	64	125.8	 8.63
 24.3	 81.5	107	65	129.4	 9.18
 25.0	 82.6	108	64	133.5	 6.77
 25.8	 82.6	107	65	138.4	 9.22
 26.5	 85.5	106	65	142.4	 8.48
 27.2	 86.0	105	66	146.3	 7.65
 27.9	 85.5	109	67	150.2	 8.91
 28.6	 84.0	112	68	153.8	10.61
 29.3	 82.2	113	68	158.2	 7.51
 30.0	 79.6	113	69	161.8	 8.76
 30.8	 79.8	112	69	165.5	 8.07
 31.5	 79.4	108	69	169.8	 7.19
 32.3	 76.5	109	67	173.9	 6.93
 33.1	 73.5	110	66	178.0	 7.72
 33.9	 74.1	106	64	182.5	 8.70
 34.7	 78.5	101	62	186.7	 8.59
 35.5	 78.5	98	61	189.9	 7.99
 36.2	 78.1	100	61	193.8	 7.55
 37.0	 79.2	101	61	198.0	 8.72
 37.8	 79.4	100	62	201.8	 7.95
 38.5	 83.1	97	62	205.9	 8.85
 39.2	 83.3	99	63	210.0	 7.45
 40.0	 81.7	104	65	213.6	 6.46
 40.7	 79.6	106	65	216.4	 7.41
 41.4	 77.1	105	65	220.4	 6.82
 42.2	 80.4	101	63	223.7	 8.49
 43.0	 80.6	99	64	227.6	 7.71
 43.7	 79.4	101	63	231.5	10.47
 44.5	 77.3	101	62	235.6	 9.66
 45.2	 78.1	100	62	238.8	 6.86
 46.0	 80.2	98	61	241.8	 7.60
 46.8	 84.0	95	61	245.4	 7.50
 47.5	 83.6	96	62	248.7	 8.91
 48.2	 82.6	100	63	252.1	10.65
 48.9	 81.1	103	64	255.2	 8.02
 49.7	 79.8	103	65	258.0	 8.28
 50.4	 82.0	101	65	260.9	 9.18
 51.1	 83.6	98	64	264.1	 8.89
 51.9	 83.3	99	64	267.3	 8.49
 52.6	 82.0	101	63	271.2	 9.85
 53.3	 81.1	102	64	274.5	 8.39
 54.1	 81.3	103	65	277.4	 8.69
 54.8	 84.3	103	66	280.0	10.82
 55.5	 85.0	102	66	283.1	 6.61
 56.2	 84.7	106	67	286.0	 7.87
 56.9	 83.8	112	69	288.7	 9.81
 57.6	 81.5	115	70	291.7	 7.60
 58.4	 80.2	116	71	294.9	 8.98
 59.1	 82.2	114	71
 59.8	 83.6	109	70
 60.6	 83.6	110	69
 61.3	 82.4	112	68
 62.0	 82.9	110	67
 62.7	 82.9	108	66
 63.5	 87.0	105	65
 64.2	 86.7	104	66
 64.8	 86.2	107	65
 65.5	 85.7	109	66
 66.2	 84.5	109	68
 66.9	 84.0	109	68
 67.7	 85.2	107	68
 68.4	 82.6	108	68
 69.1	 80.0	110	67
 69.8	 80.2	109	66
 70.6	 82.9	104	64
 71.3	 81.5	103	65
 72.0	 80.6	105	64
 72.8	 80.4	105	63
 73.5	 80.9	103	63
 74.3	 83.8	100	63
 75.0	 83.8	99	63
 75.7	 81.5	101	63
 76.5	 78.3	105	64
 77.2	 75.8	104	65
 78.0	 78.9	100	63
 78.8	 78.1	98	63
 79.5	 78.1	100	62
 80.3	 77.7	100	61
 81.1	 78.7	99	61
 81.8	 82.4	98	61
 82.6	 82.9	98	63
 83.3	 82.0	102	64
 84.0	 78.7	106	66
 84.8	 74.4	107	68
 85.6	 78.5	105	67
 86.4	 76.9	103	67
 87.1	 74.8	104	66
 87.9	 75.4	103	64
 88.7	 78.3	100	62
 89.5	 80.9	95	61
 90.2	 79.4	96	60
 91.0	 79.2	98	60
 91.8	 79.2	98	61
 92.5	 82.4	96	61
 93.2	 82.0	95	61
 94.0	 79.4	98	62
 94.7	 77.9	100	62
 95.5	 77.5	99	62
 96.3	 79.8	96	62
 97.0	 82.4	93	61
 97.8	 82.0	94	61
 98.5	 81.3	98	62
 99.2	 79.6	100	64
100.0	 77.7	101	65
100.7	 80.4	100	65
101.5	 83.8	99	65
102.2	 83.6	98	65
102.9	 86.0	96	63
103.6	 87.0	95	63
104.3	 85.2	99	64
105.0	 81.7	103	65
105.8	 80.0	106	66
106.5	 77.9	105	67
107.3	 80.6	103	66
108.0	 81.5	101	66
108.8	 80.6	104	66
109.5	 80.0	107	66
110.2	 80.6	107	67
111.0	 82.4	107	68
111.7	 84.3	105	68
112.4	 83.6	109	69
113.2	 82.4	111	69
113.9	 82.4	112	69
114.6	 83.8	110	69
115.3	 84.3	106	69
116.0	 82.9	108	68
116.8	 82.9	109	67
117.5	 83.6	108	67
118.2	 84.7	106	66
118.9	 87.2	104	66
119.6	 86.7	105	67
120.3	 85.5	108	67
121.0	 84.0	110	68
121.7	 83.1	110	68
122.4	 85.5	107	67
123.1	 85.5	105	67
123.8	 83.8	107	67
124.5	 82.6	108	66
125.3	 82.6	106	66
126.0	 84.7	104	65
126.7	 85.2	101	64
127.4	 83.8	102	64
128.1	 82.2	104	64
128.9	 81.3	103	63
129.6	 84.3	101	63
130.3	 84.5	99	63
131.0	 83.1	101	63
131.7	 81.5	103	63
132.5	 79.4	102	63
133.2	 80.2	100	62
134.0	 82.4	97	61
134.7	 82.2	97	61
135.4	 80.9	99	61
136.2	 78.7	100	62
136.9	 78.1	101	62
137.7	 78.9	100	63
138.5	 81.7	98	62
139.2	 83.1	96	62
139.9	 82.4	99	62
140.7	 81.3	102	63
141.4	 80.2	102	63
142.1	 80.0	101	63
142.9	 82.6	97	63
143.6	 81.5	99	63
144.3	 79.6	102	64
145.1	 79.4	102	63
145.9	 79.2	100	63
146.6	 82.0	97	62
147.3	 82.0	95	62
148.1	 80.9	97	62
148.8	 81.7	98	61
149.6	 82.2	98	62
150.3	 85.2	96	62
151.0	 84.7	95	63
151.7	 83.3	99	64
152.4	 81.3	103	65
153.2	 79.8	103	65
153.9	 81.3	101	65
154.6	 81.7	97	64
155.4	 80.4	98	64
156.1	 80.2	99	62
156.9	 80.0	98	61
157.6	 82.2	96	60
158.4	 85.2	95	60
159.1	 85.5	95	61
159.8	 84.5	99	63
160.5	 84.3	102	64
161.2	 83.8	103	66
161.9	 86.0	101	66
162.6	 85.5	100	66
163.3	 83.8	103	66
164.0	 82.0	106	66
164.7	 81.7	107	67
165.5	 82.4	106	67
166.2	 84.3	102	66
166.9	 83.1	104	65
167.6	 81.3	106	66
168.4	 80.6	106	65
169.1	 81.3	105	65
169.9	 83.6	102	64
170.6	 85.2	99	64
171.3	 84.7	101	64
172.0	 84.3	105	65
172.7	 83.1	106	67
173.4	 82.0	107	68
174.2	 83.3	105	67
174.9	 82.4	103	67
175.6	 81.3	105	66
176.3	 79.8	105	65
177.1	 79.6	103	64
177.9	 81.5	100	63
178.6	 83.6	96	62
179.3	 82.6	97	62
180.0	 82.2	100	62
180.8	 82.2	101	63
181.5	 81.1	101	63
182.2	 81.5	100	63
183.0	 82.6	99	65
183.7	 81.3	100	63
184.4	 80.4	101	63
185.2	 78.5	101	62
185.9	 78.1	99	61
186.7	 81.5	96	60
187.4	 82.4	93	60
188.2	 81.7	95	59
188.9	 82.0	97	59
189.6	 82.9	97	61
190.4	 85.0	95	62
191.1	 82.9	97	63
191.8	 81.3	100	63
192.5	 80.0	101	63
193.3	 80.0	100	63
194.0	 82.2	96	62
194.8	 82.6	94	62
195.5	 81.7	97	61
196.2	 81.7	98	61
197.0	 81.5	98	61
197.7	 82.9	97	62
198.4	 85.5	96	62
199.1	 84.3	97	64
199.8	 82.6	102	64
200.6	 79.8	104	65
201.3	 78.9	104	65
202.1	 80.0	100	64
202.8	 80.9	97	63
203.6	 78.9	98	63
204.3	 79.4	99	61
205.1	 81.1	98	61
205.8	 83.6	98	62
206.5	 85.2	96	63
207.2	 84.0	100	64
208.0	 83.1	105	66
208.7	 80.4	107	67
209.4	 79.2	106	67
210.2	 81.7	104	66
210.9	 82.2	101	65
211.6	 81.1	102	65
212.4	 81.3	103	64
213.1	 81.3	103	64
213.9	 84.3	100	64
214.6	 84.0	101	65
215.3	 82.9	104	65
216.0	 82.6	106	66
216.7	 84.3	105	67
217.4	 83.6	104	67
218.2	 80.9	107	67
218.9	 79.6	107	67
219.7	 80.4	106	66
220.4	 82.0	103	65
221.1	 83.8	99	64
221.9	 82.6	99	63
222.6	 82.6	102	63
223.3	 82.4	101	64
224.0	 84.5	99	63
224.7	 83.6	97	63
225.5	 81.5	100	63
226.2	 81.1	100	63
226.9	 80.9	100	62
227.7	 82.4	97	62
228.4	 83.3	94	61
229.1	 82.0	97	61
229.9	 81.1	99	62
230.6	 79.8	99	62
231.4	 80.9	98	62
232.1	 83.6	94	61
232.8	 82.9	95	61
233.5	 82.0	97	62
234.3	 80.9	98	62
235.0	 79.8	98	61
235.8	 83.1	95	61
236.5	 82.9	93	61
237.2	 82.4	94	61
237.9	 82.2	96	61
238.7	 83.3	96	62
239.4	 85.5	94	62
240.1	 83.6	96	63
240.8	 82.6	99	63
241.5	 82.6	100	64
242.3	 85.2	97	64
243.0	 83.6	96	64
243.7	 81.3	99	64
244.4	 80.6	100	64
245.2	 81.3	98	64
245.9	 84.0	94	62
246.6	 83.6	94	61
247.3	 83.6	96	61
248.1	 83.8	97	62
248.8	 86.7	96	63
249.5	 86.5	95	63
250.2	 85.7	97	64
250.9	 83.6	100	64
251.6	 82.9	100	64
252.3	 85.7	97	64
253.0	 86.0	95	63
253.7	 86.0	98	64
254.4	 86.0	101	65
255.1	 87.0	104	67
255.8	 87.2	105	68
256.5	 85.0	108	70
257.2	 83.3	112	70
257.9	 81.3	112	70
258.6	 83.3	108	69
259.4	 81.7	108	68
260.1	 81.3	108	67
260.8	 82.6	106	66
261.5	 85.0	101	65
262.3	 83.6	102	64
263.0	 82.6	105	64
263.7	 82.6	105	65
264.4	 84.5	103	65
265.1	 84.3	101	65
265.8	 82.4	103	65
266.6	 82.0	104	64
267.3	 83.1	102	64
268.0	 84.7	98	63
268.7	 83.6	99	63
269.5	 82.6	101	63
270.2	 82.2	102	63
270.9	 81.7	101	64
271.6	 84.7	99	63
272.4	 84.3	98	63
273.1	 83.8	101	63
273.8	 83.6	102	63
274.5	 85.5	101	63
275.2	 87.2	99	64
275.9	 85.7	102	65
276.6	 84.7	107	67
277.3	 84.7	109	69
278.0	 86.0	108	69
278.7	 84.5	109	69
279.4	 84.0	112	69
280.1	 85.5	110	68
280.8	 85.0	108	69
281.5	 83.8	108	67
282.3	 83.3	107	66
283.0	 84.5	104	64
283.7	 86.7	99	62
284.4	 85.7	100	62
285.1	 84.7	102	61
285.8	 86.2	102	63
286.5	 88.0	100	63
287.2	 86.5	100	64
287.9	 85.2	104	65
288.6	 84.5	105	66
289.3	 85.7	101	65
290.0	 83.6	102	65
290.7	 82.4	103	64
291.4	 82.4	103	64
292.1	 84.5	100	63
292.9	 84.0	99	63
293.6	 82.9	101	62
294.3	 83.6	101	62
295.0	 85.5	99	63
295.7	 86.5	97	63
296.4	 84.7	101	64
297.1	 82.4	105	65
297.8	 81.5	105	65
298.6	 83.8	103	64
