  0.1	 71.8	97	60	  3.3	10.06
  1.0	 69.1	93	61	  8.4	 7.90
  1.8	 69.3	98	59	 14.4	 9.11
  2.7	 66.7	97	59	 19.0	10.55
  3.6	 69.3	93	57	 23.4	 7.88
  4.5	 71.1	86	58	 28.3	 6.61
  5.3	 69.0	89	56	 36.1	 7.01
  6.2	 69.8	91	55	 42.8	 8.36
  7.0	 70.4	89	56	 48.9	 7.63
  7.9	 71.1	88	55	 56.1	13.51
  8.7	 72.1	86	55	 60.3	 9.72
  9.6	 74.3	83	57	 66.2	 8.47
 10.4	 72.3	91	58	 71.8	10.66
 11.2	 72.8	99	59	 78.3	 9.12
 12.0	 70.1	100	62	 84.7	 8.27
 12.9	 66.1	100	61	 91.0	 8.70
 13.8	 64.1	99	60	 97.7	12.53
 14.7	 67.7	97	59	102.2	10.30
 15.6	 69.3	89	60	107.9	11.73
 16.5	 68.0	94	58	112.9	 9.22
 17.4	 67.6	98	57	119.1	10.62
 18.2	 66.1	96	58	123.9	 8.36
 19.2	 68.5	93	57	129.3	 8.55
 20.0	 71.1	87	58	136.3	 8.76
 20.9	 68.6	90	57	142.7	 8.23
 21.7	 67.0	94	56	150.2	 9.90
 22.6	 63.8	91	57	156.1	10.05
 23.6	 64.4	88	55	160.7	 7.97
 24.5	 66.5	81	54	167.9	 9.24
 25.4	 63.3	82	53	174.9	 9.49
 26.4	 64.7	85	51	180.6	 9.97
 27.3	 64.4	84	52	186.2	 9.38
 28.2	 66.5	83	52	192.9	 9.82
 29.1	 68.6	80	54	198.3	 8.77
 30.0	 68.3	84	55	204.4	11.33
 30.9	 66.4	89	57	209.4	11.26
 31.8	 64.8	89	57	214.4	 7.95
 32.7	 64.8	88	55	221.0	11.28
 33.6	 65.6	87	55	226.2	 9.76
 34.5	 66.4	84	54	231.4	12.19
 35.5	 67.0	82	53	236.4	10.24
 36.4	 70.9	81	53	241.7	11.39
 37.2	 73.3	80	56	246.7	11.15
 38.0	 72.3	89	57	251.8	11.18
 38.8	 69.1	98	60	256.8	10.62
 39.7	 68.2	102	61	262.4	10.51
 40.6	 68.0	102	62	267.7	11.14
 41.5	 67.1	100	62	272.6	10.05
 42.4	 68.5	98	61	278.3	 9.86
 43.2	 72.6	95	61	284.0	11.20
 44.1	 72.3	93	62	288.6	 9.30
 44.9	 69.8	100	62
 45.8	 69.3	105	62
 46.6	 67.6	106	62
 47.5	 67.1	104	61
 48.4	 65.1	100	60
 49.3	 69.9	94	58
 50.2	 71.3	89	59
 51.0	 71.3	93	58
 51.9	 66.8	96	58
 52.8	 63.2	96	58
 53.7	 62.4	95	57
 54.7	 62.2	93	56
 55.6	 61.9	90	55
 56.6	 68.2	86	54
 57.5	 69.8	84	56
 58.4	 68.8	88	55
 59.2	 70.4	93	56
 60.1	 68.6	94	59
 61.0	 72.3	92	59
 61.8	 73.0	89	60
 62.6	 70.1	92	60
 63.5	 68.6	94	59
 64.3	 69.0	94	58
 65.2	 69.1	92	58
 66.1	 69.6	90	57
 66.9	 72.1	87	57
 67.8	 71.4	88	58
 68.6	 69.0	95	59
 69.5	 64.0	102	60
 70.4	 65.8	102	60
 71.3	 67.0	100	60
 72.2	 68.2	97	60
 73.1	 71.4	91	60
 73.9	 69.9	94	61
 74.8	 68.6	97	60
 75.7	 69.6	98	59
 76.5	 68.8	96	60
 77.4	 69.9	93	59
 78.3	 70.9	91	58
 79.1	 73.9	87	58
 79.9	 73.0	92	59
 80.7	 71.4	98	60
 81.6	 69.0	101	60
 82.5	 69.1	99	60
 83.3	 69.8	97	60
 84.2	 70.1	94	59
 85.0	 73.9	90	58
 85.9	 73.3	86	58
 86.7	 70.9	91	58
 87.5	 68.8	95	59
 88.4	 65.8	98	59
 89.3	 65.2	97	59
 90.2	 65.9	94	58
 91.1	 67.3	90	56
 92.0	 71.3	83	56
 92.9	 70.6	85	55
 93.7	 70.6	89	55
 94.6	 69.8	90	56
 95.4	 67.4	89	56
 96.3	 64.2	87	55
 97.3	 65.4	85	54
 98.2	 70.1	81	53
 99.0	 71.4	79	55
 99.9	 70.1	81	54
100.7	 70.9	86	54
101.6	 69.3	85	55
102.4	 71.6	82	55
103.3	 74.6	79	55
104.1	 73.0	81	56
104.9	 71.6	83	55
105.7	 70.9	85	55
106.6	 70.1	84	55
107.4	 70.1	83	55
108.3	 74.3	80	54
109.1	 74.8	78	55
109.9	 70.3	81	55
110.8	 69.6	84	54
111.6	 70.8	85	55
112.5	 68.3	84	55
113.3	 72.8	81	54
114.2	 74.4	80	56
115.0	 73.5	82	56
115.8	 71.6	85	56
116.6	 71.6	88	56
117.5	 70.1	88	57
118.3	 69.8	87	57
119.2	 72.1	86	57
120.0	 75.4	81	57
120.8	 75.6	84	57
121.6	 74.8	87	57
122.4	 69.8	89	58
123.3	 66.4	88	57
124.2	 67.6	85	56
125.1	 69.1	78	55
125.9	 69.0	79	53
126.8	 67.3	82	53
127.7	 65.1	83	53
128.6	 64.2	82	52
129.5	 64.8	80	52
130.5	 69.3	74	52
131.3	 69.0	77	52
132.2	 69.1	79	52
133.1	 68.0	81	53
134.0	 67.3	82	53
134.8	 67.4	81	53
135.7	 68.5	80	53
136.6	 72.8	77	52
137.4	 74.6	74	53
138.2	 74.3	78	53
139.1	 74.1	82	54
139.9	 69.4	86	56
140.7	 67.6	87	56
141.6	 65.5	87	56
142.5	 66.7	86	55
143.4	 69.8	83	55
144.3	 71.6	80	56
145.1	 69.1	83	55
146.0	 68.8	86	55
146.9	 70.3	87	55
147.7	 67.9	87	56
148.6	 66.1	86	56
149.5	 67.0	86	56
150.4	 69.6	85	56
151.3	 73.9	80	57
152.1	 72.5	85	57
152.9	 71.4	96	59
153.8	 67.0	103	62
154.6	 62.9	105	63
155.6	 60.4	103	62
156.6	 63.4	99	60
157.5	 66.7	89	59
158.4	 66.2	90	57
159.3	 67.9	93	55
160.2	 69.3	91	56
161.1	 72.3	88	56
161.9	 74.6	84	57
162.7	 73.3	88	58
163.5	 70.8	92	58
164.4	 68.6	94	58
165.3	 69.0	93	58
166.1	 68.2	95	59
167.0	 68.3	97	60
167.9	 68.5	97	60
168.8	 74.1	91	59
169.6	 74.8	94	60
170.4	 72.6	100	61
171.2	 71.8	106	62
172.0	 69.1	109	64
172.9	 64.4	108	65
173.8	 64.0	106	63
174.8	 65.2	102	61
175.7	 69.4	94	59
176.6	 69.1	89	58
177.4	 67.7	92	56
178.3	 66.8	94	55
179.2	 65.8	92	55
180.1	 67.4	89	54
181.0	 70.4	86	53
181.9	 74.6	81	54
182.7	 71.6	84	55
183.5	 72.6	89	55
184.3	 70.8	91	56
185.2	 73.2	91	57
186.0	 74.6	90	58
186.8	 78.9	89	58
187.6	 78.5	92	61
188.3	 74.4	100	63
189.1	 69.8	105	64
190.0	 70.6	109	64
190.9	 69.1	108	64
191.7	 69.3	105	63
192.6	 68.5	102	62
193.5	 72.8	99	60
194.3	 75.9	92	60
195.1	 76.9	96	60
195.9	 78.1	102	60
196.6	 77.5	106	63
197.4	 74.1	108	65
198.2	 69.8	108	65
199.1	 73.3	104	64
199.9	 73.3	101	64
200.7	 72.1	102	63
201.5	 72.6	103	61
202.4	 71.6	101	60
203.2	 69.8	98	59
204.1	 67.7	96	58
204.9	 69.9	95	58
205.8	 72.1	89	58
206.6	 71.8	93	57
207.5	 73.2	97	57
208.3	 73.0	97	58
209.1	 72.6	96	58
209.9	 76.1	94	58
210.7	 77.7	91	60
211.5	 75.9	94	61
212.3	 75.4	98	60
213.1	 73.7	98	60
213.9	 73.7	97	60
214.7	 74.3	96	59
215.5	 77.7	92	60
216.3	 76.7	96	60
217.1	 74.8	102	61
217.9	 73.3	106	63
218.7	 69.4	107	64
219.6	 69.6	106	63
220.4	 70.4	104	63
221.3	 71.4	101	62
222.1	 75.2	94	61
222.9	 75.4	97	61
223.7	 74.8	101	60
224.5	 75.0	104	61
225.3	 74.8	103	62
226.1	 75.0	102	61
226.9	 78.1	98	61
227.7	 78.1	96	62
228.5	 77.7	98	61
229.2	 75.2	100	61
230.0	 70.6	101	60
230.9	 67.9	98	59
231.8	 71.4	94	57
232.6	 73.9	89	57
233.4	 74.4	90	57
234.2	 73.5	93	57
235.0	 73.5	100	59
235.8	 72.3	103	61
236.7	 73.5	101	61
237.5	 76.3	97	62
238.3	 73.0	101	62
239.1	 69.6	104	61
240.0	 67.7	105	60
240.8	 67.3	102	60
241.7	 66.4	98	58
242.6	 70.3	90	56
243.5	 69.0	90	56
244.4	 68.3	94	55
245.2	 69.0	95	55
246.1	 68.0	95	57
247.0	 70.3	95	58
247.9	 74.8	92	60
248.7	 74.1	97	61
249.5	 75.4	102	61
250.3	 75.0	106	62
251.1	 73.3	107	64
251.9	 70.8	106	64
252.7	 75.4	102	62
253.5	 75.6	101	64
254.3	 71.9	104	62
255.2	 68.8	105	60
256.0	 67.4	101	59
256.9	 67.4	96	57
257.8	 71.4	88	55
258.6	 72.6	89	55
259.5	 73.3	92	55
260.3	 74.4	94	55
261.1	 74.6	94	57
261.9	 73.5	95	58
262.7	 76.3	93	58
263.5	 77.9	90	60
264.3	 74.8	92	59
265.1	 70.1	94	58
265.9	 69.6	95	57
266.8	 67.4	93	56
267.7	 68.6	91	55
268.6	 74.1	85	55
269.4	 75.0	87	56
270.2	 72.6	92	57
271.0	 71.4	97	58
271.8	 69.8	98	60
272.7	 69.4	96	61
273.6	 73.5	91	60
274.4	 71.4	92	60
275.2	 68.5	93	58
276.1	 67.0	93	56
277.0	 68.5	90	55
277.9	 70.1	87	55
278.7	 74.8	84	54
279.5	 78.1	82	56
280.3	 77.3	86	57
281.1	 76.1	90	58
281.8	 74.1	94	59
282.7	 72.5	97	61
283.5	 73.0	100	62
284.3	 73.5	100	63
285.1	 76.3	96	62
285.9	 74.3	100	63
286.7	 72.8	104	62
287.5	 71.6	106	63
288.4	 72.3	105	63
289.2	 75.8	102	62
290.0	 76.5	99	63
290.8	 75.6	101	62
291.6	 75.9	104	61
292.4	 73.7	104	61
293.2	 74.3	102	60
294.0	 74.3	101	61
294.8	 77.9	100	62
295.6	 80.2	97	63
296.3	 79.8	101	64
297.1	 77.9	108	64
297.8	 76.3	111	65
