  0.1	 85.2	116	82	  1.0	 3.71
  0.8	 84.7	114	81	  5.2	 4.59
  1.5	 87.7	110	79	 12.1	 4.79
  2.2	 85.7	110	80	 18.5	 7.65
  2.9	 88.2	111	78	 23.1	 7.93
  3.6	 89.8	111	76	 27.2	 7.08
  4.3	 92.0	112	80	 33.3	 7.97
  4.9	 93.2	113	82	 38.2	 8.96
  5.6	 95.8	114	82	 41.8	 5.82
  6.2	 97.7	115	84	 47.1	 9.66
  6.8	 98.4	119	86	 51.1	 8.99
  7.4	 95.8	128	89	 55.1	 8.05
  8.0	 92.9	132	91	 59.0	 7.81
  8.7	 86.7	133	92	 62.9	 7.55
  9.4	 81.1	132	90	 66.6	 8.88
 10.1	 79.8	131	88	 69.9	 5.20
 10.9	 81.7	129	87	 74.5	 7.78
 11.6	 83.3	127	86	 79.2	12.01
 12.3	 89.0	124	85	 82.6	 9.30
 13.0	 93.5	122	86	 86.1	 8.26
 13.6	 94.6	124	87	 89.6	 4.40
 14.3	 94.9	131	89	 95.2	 5.72
 14.9	 93.5	134	92	101.2	 6.11
 15.6	 90.9	135	94	107.0	 7.67
 16.2	 87.2	136	94	111.9	 6.64
 16.9	 86.2	135	94	118.1	11.09
 17.6	 86.0	134	93	122.6	 8.66
 18.3	 85.5	132	92	126.4	12.69
 19.0	 88.5	129	90	129.3	 9.21
 19.7	 92.0	126	89	132.8	11.06
 20.3	 90.1	126	89	136.3	 9.01
 21.0	 90.9	130	87	139.6	 7.57
 21.7	 89.6	128	87	143.6	 8.07
 22.3	 89.3	126	86	146.7	 9.98
 23.0	 90.1	123	86	149.9	 5.63
 23.7	 93.5	122	85	154.9	 6.31
 24.3	 96.2	120	86	160.4	 8.38
 24.9	 93.2	123	86	164.6	10.41
 25.6	 92.0	130	87	168.7	 8.49
 26.2	 88.0	131	88	173.0	10.44
 26.9	 85.5	129	87	176.9	 8.76
 27.6	 87.5	125	85	180.4	10.42
 28.3	 91.5	120	84	183.3	18.83
 29.0	 89.3	119	84	187.5	10.51
 29.6	 90.1	125	82	190.8	 9.87
 30.3	 89.3	124	84	194.1	 6.48
 31.0	 89.0	121	83	198.5	10.04
 31.6	 89.6	119	82	200.9	10.62
 32.3	 90.6	117	82	204.2	10.64
 33.0	 92.3	115	82	207.5	 8.86
 33.6	 95.2	114	81	210.9	 6.12
 34.2	 98.0	115	83	214.2	 7.87
 34.9	100.0	117	85	217.1	 5.35
 35.5	 97.7	125	87	222.5	 6.72
 36.1	 95.5	131	90	226.7	 6.19
 36.7	 89.3	132	92	232.1	 7.84
 37.4	 82.9	132	90	235.5	10.33
 38.1	 79.2	128	88	238.4	10.68
 38.9	 84.3	123	83	241.9	 8.25
 39.6	 82.6	118	83	245.6	 6.75
 40.3	 83.6	121	80	249.6	 9.11
 41.0	 83.8	119	80	253.6	 8.91
 41.7	 84.0	115	78	256.8	 8.28
 42.4	 88.5	112	77	260.6	 6.23
 43.1	 89.8	111	78	266.3	 8.63
 43.8	 88.2	115	79	270.2	 8.57
 44.5	 88.2	117	80	273.8	 9.35
 45.1	 87.2	116	80	276.9	11.63
 45.8	 87.5	115	80	280.2	 9.81
 46.5	 87.0	113	80	283.6	 9.92
 47.2	 88.5	111	78	287.0	 9.14
 47.9	 92.3	109	78	289.9	 8.60
 48.5	 95.8	108	78	293.3	 8.32
 49.2	 91.7	111	80	296.1	 7.12
 49.8	 89.6	119	80
 50.5	 87.0	119	82
 51.2	 86.5	117	81
 51.9	 89.3	112	80
 52.5	 90.6	109	79
 53.2	 87.5	113	79
 53.9	 86.7	117	79
 54.6	 84.7	116	79
 55.3	 89.0	112	77
 56.0	 92.0	108	77
 56.6	 91.5	108	77
 57.3	 93.8	115	78
 57.9	 92.9	118	82
 58.6	 91.2	120	84
 59.2	 92.3	120	85
 59.9	 93.8	119	85
 60.5	 91.5	120	86
 61.2	 90.4	126	86
 61.8	 87.7	127	86
 62.5	 86.7	124	85
 63.2	 89.8	119	83
 63.9	 92.0	116	82
 64.5	 89.6	118	83
 65.2	 89.3	123	83
 65.9	 88.5	123	84
 66.5	 86.7	121	84
 67.2	 89.0	119	83
 67.9	 90.6	117	84
 68.6	 87.5	121	83
 69.3	 85.5	122	83
 70.0	 87.0	120	82
 70.7	 89.6	116	81
 71.3	 87.5	115	81
 72.0	 88.8	118	80
 72.7	 88.5	119	82
 73.4	 90.1	119	83
 74.0	 90.6	119	85
 74.7	 93.2	118	84
 75.3	 96.2	117	85
 76.0	 99.0	119	86
 76.6	 92.9	127	89
 77.2	 90.6	134	90
 77.9	 88.0	133	91
 78.6	 89.3	130	89
 79.2	 92.0	124	87
 79.9	 96.2	119	85
 80.5	 93.8	115	84
 81.1	 90.4	120	81
 81.8	 87.5	119	80
 82.5	 87.7	115	78
 83.2	 90.6	110	76
 83.8	 94.9	107	75
 84.5	 90.4	110	77
 85.1	 89.8	115	77
 85.8	 90.4	115	79
 86.5	 92.6	112	78
 87.1	 94.6	109	78
 87.7	 92.6	111	79
 88.4	 93.5	117	80
 89.0	 92.6	118	82
 89.7	 93.5	117	82
 90.3	 94.9	114	82
 91.0	 92.3	116	83
 91.6	 91.5	120	83
 92.3	 90.1	120	84
 92.9	 90.4	118	82
 93.6	 90.9	115	81
 94.3	 92.6	114	81
 94.9	 93.8	113	81
 95.5	 97.4	114	82
 96.2	 99.7	116	84
 96.8	 98.4	122	88
 97.4	 99.0	131	90
 98.0	 95.5	135	94
 98.6	 88.8	135	94
 99.3	 84.5	135	92
100.0	 82.4	133	91
100.7	 81.7	130	89
101.5	 85.7	126	87
102.2	 90.4	122	86
102.8	 89.3	122	86
103.5	 91.2	126	84
104.1	 90.6	126	85
104.8	 92.0	125	86
105.5	 92.6	124	86
106.1	 93.5	124	88
106.8	 94.0	125	89
107.4	 97.1	126	89
108.0	 98.7	127	91
108.6	 96.2	131	93
109.2	 94.6	135	93
109.9	 89.6	135	94
110.5	 88.0	134	92
111.2	 85.5	130	90
111.9	 86.5	127	88
112.6	 91.5	123	85
113.3	 91.7	121	86
113.9	 91.7	125	85
114.6	 90.6	125	85
115.2	 91.5	124	85
115.9	 91.2	122	85
116.6	 92.3	122	85
117.2	 93.2	122	86
117.9	 94.0	122	87
118.5	 95.8	122	87
119.1	 98.7	123	88
119.7	 98.7	126	90
120.3	 95.2	133	91
121.0	 90.1	136	92
121.6	 84.0	134	90
122.3	 80.9	131	87
123.1	 85.5	126	84
123.8	 86.0	120	84
124.5	 87.0	123	82
125.2	 87.5	122	82
125.9	 89.8	121	82
126.5	 92.0	119	82
127.2	 95.5	119	84
127.8	 94.3	121	86
128.4	 93.5	130	88
129.1	 88.5	132	90
129.8	 87.7	131	88
130.5	 87.7	127	88
131.1	 83.1	129	87
131.9	 82.0	131	86
132.6	 81.3	127	85
133.3	 84.5	121	81
134.0	 87.2	115	80
134.7	 83.8	117	80
135.4	 82.9	120	78
136.2	 83.6	117	78
136.9	 87.2	112	76
137.6	 88.2	109	77
138.3	 85.7	113	77
139.0	 85.0	116	77
139.7	 87.0	113	77
140.3	 90.9	110	77
141.0	 89.3	110	78
141.7	 89.3	117	79
142.4	 88.2	120	82
143.0	 86.5	121	84
143.7	 87.5	120	83
144.4	 89.8	119	84
145.1	 87.7	122	85
145.8	 87.5	127	86
146.4	 86.5	128	87
147.1	 89.3	125	85
147.8	 92.3	122	87
148.5	 87.5	126	88
149.2	 86.2	134	88
149.8	 82.4	132	89
150.6	 86.7	128	86
151.3	 83.1	124	86
152.0	 84.7	126	83
152.7	 84.0	123	83
153.4	 85.2	119	81
154.1	 87.5	117	81
154.8	 89.8	116	82
155.5	 95.8	116	82
156.1	 99.3	116	84
156.7	 94.9	121	86
157.3	 92.9	129	87
158.0	 89.6	130	89
158.6	 85.7	129	89
159.3	 85.7	127	88
160.0	 90.4	124	87
160.7	 95.2	119	85
161.3	 97.4	117	84
162.0	 93.5	118	83
162.6	 92.6	120	82
163.2	 95.8	118	82
163.9	 97.1	116	83
164.5	 99.3	114	82
165.1	104.9	113	81
165.7	104.9	111	82
166.2	 99.0	115	83
166.8	100.0	123	83
167.4	 97.4	122	86
168.1	 95.8	122	85
168.7	 95.8	119	85
169.3	 97.7	118	83
169.9	 95.8	117	85
170.6	 94.9	122	84
171.2	 93.8	122	85
171.8	 91.5	121	85
172.5	 89.8	120	84
173.2	 90.6	117	83
173.8	 94.6	115	82
174.4	 93.5	115	83
175.1	 94.3	122	82
175.7	 92.6	124	86
176.4	 91.2	124	86
177.0	 91.7	122	85
177.7	 92.9	121	85
178.3	 89.8	122	86
179.0	 88.8	124	85
179.7	 87.2	122	84
180.4	 89.3	118	82
181.0	 92.6	114	81
181.7	 91.7	115	81
182.3	 92.0	120	82
183.0	 91.5	122	84
183.6	 92.6	122	84
184.3	 94.3	120	85
184.9	 98.7	119	85
185.5	 92.0	121	87
186.2	 90.1	132	85
186.9	 81.1	132	86
187.6	 77.1	132	84
188.4	 83.3	126	83
189.1	 76.3	122	85
189.9	 76.5	129	81
190.7	 77.5	125	82
191.4	 84.5	117	79
192.1	 85.7	114	80
192.8	 89.0	118	81
193.5	 90.9	121	84
194.2	 90.9	120	86
194.8	 94.6	119	85
195.5	 93.8	118	87
196.1	 93.5	123	87
196.8	 91.7	126	89
197.4	 89.3	126	89
198.1	 89.0	124	88
198.8	 89.6	122	86
199.4	 89.8	120	86
200.1	 87.0	121	86
200.8	 86.2	121	84
201.5	 88.0	118	82
202.2	 90.1	114	81
202.8	 86.2	114	80
203.5	 86.0	120	79
204.2	 86.0	118	80
204.9	 88.8	114	78
205.6	 90.1	109	77
206.3	 88.0	112	77
206.9	 88.8	115	77
207.6	 90.1	115	79
208.3	 92.6	112	79
208.9	 92.9	111	80
209.6	 92.3	115	80
210.2	 92.6	117	81
210.9	 91.2	115	81
211.5	 92.9	113	80
212.2	 89.8	112	80
212.8	 91.2	115	79
213.5	 91.5	114	80
214.2	 93.5	113	80
214.8	 96.2	112	80
215.4	 95.2	113	82
216.1	 96.5	120	84
216.7	 95.8	124	87
217.3	 96.2	125	88
217.9	 96.5	125	89
218.6	 92.9	128	91
219.2	 90.6	136	92
219.9	 84.3	137	93
220.6	 80.9	135	91
221.3	 82.6	129	88
222.0	 83.6	124	86
222.8	 87.0	119	83
223.4	 91.5	115	81
224.1	 91.2	115	81
224.8	 92.6	118	81
225.4	 93.2	118	83
226.1	 93.5	118	84
226.7	 94.3	118	85
227.3	 96.8	118	85
228.0	 98.7	119	86
228.6	 94.9	122	88
229.2	 94.6	129	88
229.8	 89.8	129	90
230.5	 89.3	128	88
231.2	 90.1	124	87
231.8	 92.3	120	85
232.5	 92.9	116	83
233.1	 90.6	113	81
233.8	 90.1	116	79
234.5	 88.5	115	79
235.1	 88.0	112	78
235.8	 90.1	109	76
236.5	 93.2	108	77
237.1	 91.7	111	79
237.8	 91.7	115	80
238.4	 92.0	115	81
239.1	 93.5	114	81
239.7	 92.9	113	82
240.4	 91.2	118	82
241.0	 88.5	119	82
241.7	 86.2	117	81
242.4	 88.8	114	79
243.1	 87.5	111	79
243.8	 87.5	114	79
244.5	 86.7	114	79
245.1	 87.7	113	79
245.8	 89.8	111	79
246.5	 91.5	110	79
247.2	 90.4	113	80
247.8	 89.3	114	80
248.5	 88.8	114	81
249.2	 88.2	113	81
249.8	 89.8	111	79
250.5	 93.2	110	79
251.2	 95.2	110	80
251.8	 92.0	116	81
252.4	 91.2	121	82
253.1	 87.2	120	84
253.8	 85.5	119	83
254.5	 87.5	116	81
255.2	 86.5	113	81
255.9	 85.5	116	80
256.6	 84.7	115	79
257.3	 88.5	111	77
258.0	 90.9	108	77
258.6	 89.6	112	78
259.3	 88.5	116	79
260.0	 87.2	117	81
260.7	 86.5	115	81
261.3	 90.9	112	80
262.0	 90.9	110	81
262.7	 90.1	116	80
263.3	 88.0	117	82
264.0	 87.2	116	81
264.7	 87.5	114	81
265.4	 88.2	112	80
266.1	 90.6	111	80
266.7	 95.5	111	81
267.4	 97.4	113	84
268.0	 97.4	121	87
268.6	 96.2	129	91
269.2	 89.0	132	93
269.9	 83.1	135	93
270.6	 85.0	134	91
271.3	 82.0	130	92
272.1	 77.9	134	89
272.8	 75.4	131	86
273.6	 78.1	124	82
274.4	 85.2	116	80
275.1	 85.0	113	80
275.8	 85.2	115	78
276.5	 84.7	116	78
277.2	 87.2	112	77
277.9	 90.6	109	77
278.6	 89.6	109	78
279.2	 87.7	116	78
279.9	 85.5	117	79
280.6	 86.2	113	78
281.3	 88.8	109	77
282.0	 84.7	109	78
282.7	 84.0	114	77
283.4	 80.9	114	78
284.1	 84.3	110	75
284.9	 87.7	106	75
285.5	 83.8	107	76
286.3	 83.8	110	75
287.0	 82.9	109	75
287.7	 86.7	106	74
288.4	 85.0	104	75
289.1	 84.7	108	74
289.8	 83.3	109	76
290.5	 87.0	107	75
291.2	 86.7	105	76
291.9	 85.0	108	76
292.6	 85.2	110	77
293.3	 85.2	109	77
294.0	 89.6	107	76
294.7	 88.0	107	77
295.4	 88.0	110	77
296.1	 88.2	110	78
296.7	 90.6	109	78
297.4	 88.8	110	80
298.1	 88.8	113	79
298.8	 88.0	113	81
