  0.5	117.2	124	80	  5.3	14.08
  1.0	117.6	123	80	 12.8	12.70
  1.5	116.3	119	79	 20.8	14.24
  2.1	114.9	112	76	 29.4	13.09
  2.6	114.5	106	73	 37.8	14.43
  3.1	114.5	104	70	 47.0	13.25
  3.6	114.9	103	69	 65.5	11.21
  4.2	115.8	103	67	 74.5	12.08
  4.7	115.8	104	68	 84.1	13.35
  5.2	115.8	105	69	 93.2	12.82
  5.7	116.7	103	71	101.9	11.10
  6.2	117.6	103	71	121.3	12.06
  6.7	118.1	106	72	130.2	10.94
  7.2	118.6	109	73	139.8	10.54
  7.7	119.5	111	75	149.6	 9.56
  8.2	118.6	111	76	159.7	11.19
  8.8	117.6	107	77	168.1	10.56
  9.3	115.8	102	75	176.1	 8.82
  9.8	115.8	98	72	184.0	 8.59
 10.3	115.4	98	70	192.9	10.14
 10.8	116.3	98	69	201.8	13.88
 11.3	116.7	100	69	212.5	10.08
 11.9	116.7	105	70	221.3	10.50
 12.4	117.2	109	73	238.3	12.43
 12.9	116.3	110	76	245.9	10.86
 13.4	117.2	109	77	253.3	10.27
 13.9	117.6	110	77	260.4	11.99
 14.4	118.1	113	77	267.0	 9.43
 14.9	118.6	116	79	273.5	 7.17
 15.4	118.6	117	79	280.5	10.57
 15.9	118.6	115	79	288.5	 9.91
 16.4	116.7	109	77
 17.0	115.8	103	74
 17.5	114.9	99	71
 18.0	116.3	97	68
 18.5	116.3	97	67
 19.0	116.3	98	66
 19.5	117.2	101	68
 20.1	117.6	102	70
 20.6	117.6	102	71
 21.1	117.6	100	71
 21.6	119.0	98	71
 22.1	119.0	101	71
 22.6	119.5	106	72
 23.1	120.5	109	74
 23.6	119.0	110	76
 24.1	119.5	110	77
 24.6	117.6	106	77
 25.1	115.8	100	75
 25.6	114.9	95	71
 26.1	114.5	93	68
 26.7	114.9	93	66
 27.2	116.3	95	66
 27.7	116.3	98	67
 28.2	116.3	102	69
 28.7	116.7	106	73
 29.3	116.3	106	74
 29.8	116.7	103	74
 30.3	117.2	102	73
 30.8	118.1	106	74
 31.3	118.1	110	75
 31.8	119.0	111	76
 32.3	119.0	111	77
 32.8	118.6	109	77
 33.3	116.7	104	76
 33.8	115.8	101	74
 34.4	116.3	99	71
 34.9	116.7	98	69
 35.4	116.3	98	68
 35.9	117.2	100	68
 36.4	117.6	101	69
 36.9	118.1	101	71
 37.4	118.1	99	71
 37.9	118.1	97	70
 38.5	118.6	95	70
 39.0	119.5	97	70
 39.5	120.0	102	71
 40.0	120.0	108	74
 40.5	120.5	111	76
 41.0	120.0	112	78
 41.5	120.5	112	79
 42.0	118.6	110	79
 42.5	117.2	105	77
 43.0	115.8	98	74
 43.5	115.4	93	70
 44.0	115.8	93	67
 44.5	116.3	93	66
 45.0	116.7	95	66
 45.6	117.2	100	67
 46.1	117.6	103	71
 46.6	118.1	104	73
 47.1	118.1	102	73
 47.6	118.1	100	73
 48.1	119.5	100	72
 48.6	120.0	103	73
 49.1	120.5	108	74
 49.6	121.5	111	76
 50.1	121.0	113	78
 50.6	121.0	113	80
 51.1	120.0	109	80
 51.6	118.6	104	77
 52.1	118.1	100	74
 52.6	118.6	98	71
 53.1	119.0	97	69
 53.6	119.0	97	68
 54.1	119.0	98	68
 54.6	119.0	100	69
 55.1	119.0	101	71
 55.6	118.6	101	72
 56.1	119.5	99	71
 56.6	120.0	97	70
 57.1	120.5	94	69
 57.6	121.0	94	68
 58.1	121.5	99	69
 58.6	122.0	106	72
 59.1	122.4	109	76
 59.6	121.5	111	78
 60.1	121.0	110	78
 60.6	118.6	105	78
 61.1	117.2	100	74
 61.6	116.3	96	71
 62.1	115.8	96	69
 62.7	117.2	96	68
 63.2	115.8	98	68
 63.7	116.7	103	69
 64.2	116.7	107	73
 64.7	115.8	108	75
 65.2	115.4	107	75
 65.7	114.9	105	75
 66.3	115.4	101	73
 66.8	116.7	100	72
 67.3	116.7	102	71
 67.8	117.2	106	72
 68.3	118.1	109	74
 68.8	117.6	110	76
 69.3	117.2	110	78
 69.9	114.9	106	77
 70.4	114.1	102	74
 70.9	113.6	102	72
 71.4	114.1	101	70
 72.0	114.5	100	69
 72.5	114.5	101	69
 73.0	114.1	103	70
 73.5	114.9	103	71
 74.1	114.5	102	72
 74.6	114.1	100	71
 75.1	114.5	97	70
 75.6	115.8	97	69
 76.2	117.2	102	70
 76.7	117.6	107	73
 77.2	117.6	112	76
 77.7	117.6	115	79
 78.2	115.8	115	81
 78.7	114.9	112	80
 79.2	112.8	106	78
 79.8	112.8	101	74
 80.3	113.2	100	71
 80.8	112.8	99	69
 81.4	113.2	98	68
 81.9	114.1	97	67
 82.4	114.5	98	67
 82.9	115.4	100	69
 83.5	115.4	100	70
 84.0	115.8	100	71
 84.5	116.3	98	71
 85.0	117.2	99	71
 85.5	118.1	103	72
 86.0	119.0	108	74
 86.5	119.0	111	76
 87.0	119.0	113	77
 87.5	118.6	111	78
 88.0	118.6	107	77
 88.6	116.3	101	75
 89.1	114.9	95	70
 89.6	115.4	92	67
 90.1	115.4	90	65
 90.6	115.8	90	63
 91.2	116.7	92	64
 91.7	117.2	96	66
 92.2	117.2	99	68
 92.7	117.6	100	70
 93.2	117.2	99	71
 93.7	118.1	98	71
 94.2	118.1	100	72
 94.7	119.0	105	73
 95.2	119.5	109	75
 95.7	120.0	110	76
 96.2	120.0	111	77
 96.7	119.5	110	78
 97.2	117.6	105	77
 97.7	117.2	101	74
 98.3	116.3	98	72
 98.8	117.2	97	69
 99.3	117.2	98	68
 99.8	117.2	100	68
100.3	117.6	105	70
100.8	117.6	109	73
101.3	117.6	112	76
101.8	117.6	110	77
102.3	116.7	105	75
102.9	118.6	102	73
103.4	118.6	103	72
103.9	119.0	106	72
104.4	120.0	107	73
104.9	120.5	108	74
105.4	120.5	109	76
105.9	120.5	106	77
106.4	118.6	101	75
106.9	118.6	98	73
107.4	119.0	97	71
107.9	118.6	99	69
108.4	118.6	100	69
108.9	118.6	104	71
109.4	119.0	108	73
109.9	118.6	110	76
110.4	117.6	109	76
110.9	116.7	108	76
111.4	117.2	106	75
112.0	117.6	105	75
112.5	118.1	103	73
113.0	118.6	98	72
113.5	118.6	99	70
114.0	119.0	102	70
114.5	119.5	106	72
115.0	120.0	110	75
115.5	120.0	114	77
116.0	120.0	116	79
116.5	117.6	116	80
117.0	116.3	113	79
117.5	115.4	111	77
118.0	114.9	109	75
118.6	114.5	108	73
119.1	114.1	106	72
119.6	114.9	105	71
120.1	114.9	104	70
120.7	114.5	103	71
121.2	114.9	102	71
121.7	115.8	100	71
122.2	116.7	98	70
122.7	118.1	101	70
123.2	118.6	108	73
123.7	119.0	114	77
124.2	118.1	117	80
124.8	117.2	118	82
125.3	114.5	116	81
125.8	113.2	112	79
126.3	112.8	108	77
126.9	113.6	107	74
127.4	113.2	105	73
127.9	114.5	104	71
128.4	114.9	103	70
129.0	115.4	102	69
129.5	115.4	100	69
130.0	115.8	98	69
130.5	116.3	97	69
131.0	117.2	94	69
131.5	118.6	96	68
132.1	119.0	102	70
132.6	120.0	108	73
133.1	120.0	113	77
133.6	119.0	115	80
134.1	117.6	113	80
134.6	115.4	110	78
135.1	114.9	107	76
135.6	114.5	105	74
136.1	114.9	103	72
136.7	114.9	101	70
137.2	115.4	100	68
137.7	115.4	99	68
138.2	116.3	99	68
138.7	116.7	98	69
139.2	116.7	97	69
139.8	116.7	96	69
140.3	117.6	93	68
140.8	117.6	92	67
141.3	118.6	97	68
141.8	119.5	103	71
142.3	119.0	109	74
142.8	119.5	111	77
143.3	118.6	112	78
143.8	117.6	110	79
144.3	115.8	104	77
144.8	114.9	100	74
145.4	114.9	98	71
145.9	114.9	97	69
146.4	115.4	97	67
146.9	115.8	98	67
147.4	116.3	100	68
148.0	116.7	103	70
148.5	116.7	102	72
149.0	116.7	101	72
149.5	117.2	99	72
150.0	117.2	98	71
150.5	117.6	97	71
151.0	118.1	99	71
151.5	119.5	104	72
152.1	119.5	109	75
152.6	120.5	114	78
153.1	119.5	116	80
153.6	118.6	117	81
154.1	117.2	113	81
154.6	116.3	108	78
155.1	116.3	104	75
155.6	116.3	102	72
156.1	117.2	99	70
156.6	117.2	98	68
157.1	117.6	97	67
157.7	117.6	98	67
158.2	118.6	99	68
158.7	118.6	97	69
159.2	119.0	96	69
159.7	119.0	94	68
160.2	119.0	92	67
160.7	119.5	91	66
161.2	121.0	93	66
161.7	121.0	99	68
162.2	122.0	107	73
162.7	122.0	112	77
163.2	122.4	115	80
163.7	121.5	114	81
164.1	120.0	112	80
164.6	119.5	109	78
165.2	119.0	107	77
165.7	119.0	107	75
166.2	119.0	107	74
166.7	118.1	107	73
167.2	118.6	106	72
167.7	118.6	103	71
168.2	119.0	99	70
168.7	119.0	95	68
169.2	121.0	95	67
169.7	120.5	98	68
170.2	121.0	103	70
170.7	122.0	108	73
171.2	122.0	110	76
171.7	121.0	110	78
172.2	118.6	109	77
172.7	118.1	108	76
173.2	118.1	108	75
173.7	117.6	109	74
174.2	117.2	108	73
174.7	117.2	106	72
175.2	118.6	101	71
175.7	118.6	98	69
176.2	119.0	96	68
176.7	119.5	94	67
177.2	120.5	95	67
177.7	120.0	98	68
178.2	121.0	102	70
178.7	121.5	104	72
179.2	120.5	104	74
179.7	119.0	103	74
180.2	117.6	102	73
180.7	117.2	101	72
181.2	117.2	102	71
181.8	116.7	103	70
182.3	116.7	104	70
182.8	116.3	105	71
183.3	116.3	106	73
183.8	115.8	106	73
184.3	115.8	103	73
184.9	116.7	101	73
185.4	117.2	101	72
185.9	117.2	105	72
186.4	118.1	108	73
186.9	118.6	110	75
187.4	116.3	109	76
187.9	115.4	108	75
188.4	114.5	107	75
189.0	114.5	106	73
189.5	113.6	104	72
190.0	114.1	102	70
190.5	113.6	101	69
191.1	114.1	100	69
191.6	114.5	98	69
192.1	114.5	97	69
192.6	114.9	95	69
193.2	115.4	93	68
193.7	115.8	91	67
194.2	117.6	95	68
194.7	117.6	102	71
195.2	118.1	111	75
195.7	118.1	116	80
196.2	116.3	118	83
196.8	112.8	118	83
197.3	111.5	118	82
197.8	111.1	117	80
198.4	111.5	116	79
198.9	110.7	114	77
199.4	110.3	112	75
200.0	109.9	107	73
200.5	111.1	101	70
201.1	111.5	95	67
201.6	112.4	89	65
202.2	113.6	84	62
202.7	115.8	82	61
203.2	116.7	86	62
203.7	116.7	93	65
204.2	118.6	99	69
204.7	117.6	100	71
205.2	117.6	101	72
205.8	117.6	101	73
206.3	116.7	98	73
206.8	116.3	90	71
207.3	114.1	82	66
207.8	113.6	80	63
208.3	112.8	82	62
208.9	112.8	88	62
209.4	114.1	95	66
209.9	114.1	103	70
210.5	114.1	111	75
211.0	114.5	118	79
211.5	113.6	123	83
212.0	111.9	126	85
212.6	112.4	125	85
213.1	111.9	122	84
213.6	114.1	123	83
214.2	114.5	124	82
214.7	114.9	124	81
215.2	116.3	122	80
215.7	116.3	117	79
216.2	115.4	110	77
216.8	114.9	103	73
217.3	115.4	100	70
217.8	115.8	99	69
218.3	116.7	100	68
218.8	117.2	104	69
219.4	117.6	108	72
219.9	116.3	112	76
220.4	116.3	113	77
220.9	115.8	114	78
221.4	116.3	114	79
221.9	116.7	113	80
222.4	118.1	115	79
223.0	117.6	119	80
223.5	118.6	123	81
224.0	118.6	125	82
224.5	118.6	124	83
225.0	116.3	121	82
225.5	116.3	119	81
226.0	114.9	116	79
226.5	114.9	115	77
227.1	115.4	113	75
227.6	115.8	112	74
228.1	114.9	109	73
228.6	116.3	107	72
229.1	116.7	104	72
229.6	117.6	101	71
230.2	118.6	98	70
230.7	119.0	96	69
231.2	119.5	96	69
231.7	120.5	101	70
232.2	121.5	107	73
232.7	121.5	112	76
233.2	121.0	116	80
233.7	119.0	116	82
234.2	117.6	116	82
234.7	116.7	115	81
235.2	115.8	115	79
235.7	115.8	114	78
236.2	114.9	113	76
236.7	115.4	111	75
237.3	115.4	109	73
237.8	115.4	105	72
238.3	115.4	100	70
238.8	117.2	95	68
239.3	118.6	94	67
239.8	118.6	98	68
240.3	119.5	103	70
240.8	120.5	108	73
241.3	120.5	110	76
241.8	119.5	109	78
242.3	118.1	105	76
242.8	118.1	103	75
243.4	117.6	103	73
243.9	117.2	103	72
244.4	117.2	103	71
244.9	117.6	103	71
245.4	117.2	103	71
245.9	116.7	103	71
246.4	117.6	100	72
246.9	118.1	101	71
247.4	118.6	105	72
247.9	119.5	108	74
248.5	119.5	109	75
249.0	117.6	107	76
249.5	117.2	107	75
250.0	116.3	106	74
250.5	116.7	105	73
251.0	115.8	103	72
251.5	116.3	102	70
252.0	115.4	101	70
252.6	115.8	100	70
253.1	115.8	98	70
253.6	115.8	96	69
254.1	116.7	94	68
254.6	117.2	97	68
255.1	118.1	102	70
255.6	118.6	107	73
256.2	118.6	109	76
256.7	116.3	109	77
257.2	115.8	110	77
257.7	114.9	111	77
258.2	114.9	111	76
258.7	114.5	109	75
259.3	114.5	107	74
259.8	114.5	102	72
260.3	114.1	97	70
260.8	115.4	91	67
261.4	116.3	89	65
261.9	116.7	92	65
262.4	117.6	97	67
262.9	118.6	101	70
263.4	118.6	102	73
263.9	116.7	102	74
264.4	115.8	102	73
264.9	115.8	102	73
265.5	114.5	102	72
266.0	114.9	103	72
266.5	114.5	102	71
267.0	114.5	100	70
267.6	114.9	96	70
268.1	115.8	97	69
268.6	115.8	99	70
269.1	116.7	102	71
269.6	117.2	104	73
270.1	116.3	103	74
270.7	116.3	103	74
271.2	115.4	102	73
271.7	115.4	102	72
272.2	115.4	101	71
272.7	115.4	100	70
273.2	115.4	98	70
273.8	115.8	95	69
274.3	116.3	93	68
274.8	116.7	95	68
275.3	117.6	99	69
275.8	117.6	102	72
276.3	116.7	102	73
276.9	115.4	100	73
277.4	115.4	100	72
277.9	114.9	100	71
278.4	114.9	100	70
278.9	114.9	99	70
279.5	115.4	98	70
280.0	116.3	96	70
280.5	117.2	94	69
281.0	116.7	93	69
281.5	117.6	92	68
282.0	117.6	96	69
282.5	118.1	99	71
283.0	118.1	102	72
283.6	117.6	104	74
284.1	116.3	102	75
284.6	114.1	100	74
285.1	113.2	100	73
285.6	113.2	100	72
286.2	111.9	100	71
286.7	111.5	100	70
287.2	111.5	100	70
287.8	112.4	100	70
288.3	111.5	99	70
288.9	111.5	96	70
289.4	113.6	95	69
289.9	114.1	96	69
290.4	114.9	100	70
291.0	114.9	101	72
291.5	114.1	103	73
292.0	113.6	103	74
292.5	112.8	105	74
293.1	112.4	104	73
293.6	111.9	101	72
294.1	112.8	96	70
294.7	113.6	93	67
295.2	113.6	93	66
295.7	114.9	95	67
296.3	115.4	96	68
296.8	114.5	96	69
297.3	113.2	96	70
297.8	112.8	97	70
298.4	111.9	98	70
298.9	110.7	100	70
