  0.2	  69.3	 100 66
  1.1	  68.3	 100 67
  1.9	  65.2	 102 68
  2.9	  62.5	 105 68
  3.8	  62.2	 106 68
  4.8	  64.8	 102 66
  5.7	  67.1	 100 66
  6.6	  64.1	 100 66
  7.5	  62.9	 101 65
  8.5	  63.4	 101 64
  9.4	  66.5	 99	 64
 10.3	  70.9	 97	 64
 11.2	  70.4	 97	 64
 12.0	  67.0	 100 66
 12.9	  65.2	 102 66
 13.9	  66.2	 102 66
 14.8	  67.7	 100 66
 15.6	  68.0	 98	 64
 16.5	  66.1	 99	 64
 17.4	  65.8	 101 66
 18.3	  65.9	 101 66
 19.3	  67.6	 100 64
 20.1	  70.9	 98	 64
 21.0	  69.9	 97	 64
 21.9	  66.4	 100 64
 22.8	  65.5	 102 65
 23.7	  64.7	 101 66
 24.6	  68.6	 98	 63
 25.5	  68.8	 96	 64
 26.3	  68.5	 97	 62
 27.2	  68.8	 96	 62
 28.1	  69.9	 96	 63
 28.9	  69.9	 95	 62
 29.8	  73.9	 94	 62
 30.6	  76.7	 91	 62
 31.4	  74.8	 91	 62
 32.2	  73.9	 93	 62
 33.0	  73.9	 94	 62
 33.8	  74.8	 96	 64
 34.6	  73.9	 95	 64
 35.4	  75.8	 95	 64
 36.2	  71.8	 95	 64
 37.1	  67.6	 98	 64
 38.0	  68.6	 99	 64
 38.8	  69.0	 99	 64
 39.7	  72.1	 96	 62
 40.5	  71.8	 94	 62
 41.4	  69.8	 93	 62
 42.2	  71.3	 95	 62
 43.1	  72.5	 96	 64
 43.9	  72.3	 96	 64
 44.7	  75.4	 94	 64
 45.5	  76.3	 94	 64
 46.3	  74.1	 95	 64
 47.1	  70.3	 96	 64
 48.0	  70.1	 98	 66
 48.8	  69.6	 99	 66
 49.7	  72.6	 98	 64
 50.5	  73.7	 95	 64
 51.3	  71.1	 94	 64
 52.2	  68.0	 95	 62
 53.1	  65.2	 96	 62
 54.0	  66.5	 95	 62
 54.9	  70.4	 91	 60
 55.7	  72.6	 90	 60
 56.6	  72.3	 87	 60
 57.4	  69.9	 89	 60
 58.2	  69.4	 91	 60
 59.1	  71.3	 91	 62
 60.0	  73.3	 90	 60
 60.8	  74.1	 90	 62
 61.6	  72.1	 89	 62
 62.4	  68.8	 93	 62
 63.3	  69.3	 95	 64
 64.2	  69.4	 96	 66
 65.0	  70.8	 94	 64
 65.9	  73.0	 92	 64
 66.7	  70.4	 91	 64
 67.5	  67.0	 93	 62
 68.4	  67.3	 94	 62
 69.3	  69.1	 94	 64
 70.2	  71.8	 91	 62
 71.0	  72.5	 89	 60
 71.9	  70.6	 88	 60
 72.7	  68.6	 91	 62
 73.6	  68.8	 92	 62
 74.5	  69.6	 92	 62
 75.3	  72.1	 91	 62
 76.1	  71.6	 90	 62
 77.0	  67.6	 89	 62
 77.9	  64.4	 91	 62
 78.8	  65.1	 92	 61
 79.7	  67.4	 91	 62
 80.6	  68.6	 89	 60
 81.5	  67.9	 88	 60
 82.4	  66.2	 89	 60
 83.3	  67.4	 93	 60
 84.2	  70.3	 95	 64
 85.0	  71.3	 95	 64
 85.9	  70.9	 95	 64
 86.7	  65.8	 95	 66
 87.6	  63.7	 99	 66
 88.6	  64.1	 100 66
 89.5	  66.5	 97	 64
 90.4	  68.6	 94	 64
 91.3	  71.4	 91	 62
 92.1	  69.0	 91	 62
 93.0	  69.6	 93	 62
 93.9	  71.6	 95	 64
 94.7	  75.3	 95	 64
 95.5	  74.2	 94	 64
 96.3	  74.1	 94	 66
 97.1	  70.9	 96	 66
 98.0	  70.6	 98	 66
 98.8	  69.6	 99	 68
 99.7	  72.6	 98	 66
100.5	  75.4	 95	 66
101.3	  73.2	 93	 64
102.1	  73.3	 93	 64
102.9	  73.3	 94	 64
103.7	  74.8	 94	 64
104.5	  76.5	 92	 64
105.3	  79.8	 92	 64
106.1	  76.7	 90	 64
106.9	  76.7	 91	 64
107.6	  75.8	 94	 64
108.4	  75.9	 96	 66
109.2	  75.2	 97	 66
110.0	  76.5	 96	 66
110.8	  76.5	 95	 66
111.6	  74.6	 93	 66
112.4	  69.1	 95	 64
113.3	  71.4	 96	 64
114.1	  72.6	 96	 66
114.9	  75.8	 94	 64
115.7	  77.5	 93	 64
116.5	  76.5	 91	 64
117.3	  72.8	 88	 62
118.1	  67.4	 92	 64
119.0	  69.6	 95	 62
119.9	  70.9	 97	 64
120.7	  71.8	 96	 64
121.5	  69.4	 95	 64
122.4	  66.0	 96	 64
123.3	  66.7	 99	 66
124.2	  69.1	 99	 66
125.1	  70.8	 97	 66
125.9	  71.6	 96	 66
126.8	  72.3	 94	 66
127.6	  68.6	 93	 64
128.5	  67.7	 97	 64
129.4	  69.3	 98	 66
