  0.4	 92.6	100	71	  0.6	11.41
  1.0	 94.0	99	70	  3.2	10.01
  1.7	 91.5	98	71	  5.3	18.50
  2.3	 93.2	99	70	  8.9	13.60
  3.0	 93.8	100	71	 11.7	 8.47
  3.6	 94.9	99	71	 14.4	14.34
  4.2	 94.9	99	72	 18.3	13.71
  4.9	 96.5	98	73	 21.5	16.51
  5.5	 95.8	97	73	 24.3	11.66
  6.1	 97.4	96	71	 27.9	12.19
  6.7	 96.8	98	72	 31.3	17.20
  7.3	 95.5	98	73	 35.1	16.96
  8.0	 93.8	98	72	 38.5	12.59
  8.6	 92.9	97	72	 41.8	11.56
  9.3	 94.3	95	70	 45.9	14.41
  9.9	 95.5	92	69	 49.6	17.73
 10.5	 95.8	93	68	 52.9	15.09
 11.1	 96.8	94	68	 55.9	15.82
 11.8	 98.4	94	70	 58.9	26.01
 12.4	 96.5	93	70	 63.7	10.80
 13.0	 95.5	94	70	 68.5	 9.89
 13.6	 95.5	95	71	 71.8	10.95
 14.3	 94.3	95	71	 75.7	10.89
 14.9	 95.2	94	71	 79.3	 5.37
 15.5	 95.2	92	70	 84.9	15.40
 16.2	 95.8	92	70	 88.2	 9.55
 16.8	 94.3	96	71	 93.2	13.67
 17.4	 93.2	99	73	 96.4	13.53
 18.1	 91.5	98	73	 99.5	12.45
 18.7	 91.5	97	72	103.3	10.26
 19.4	 92.3	94	71	107.3	 7.60
 20.0	 89.8	94	71	112.2	13.01
 20.7	 88.8	96	70	114.8	14.88
 21.4	 89.6	95	70	118.5	20.46
 22.0	 92.3	91	68	122.5	12.25
 22.7	 92.9	90	67	127.2	15.80
 23.3	 94.3	92	68	131.4	16.49
 24.0	 94.3	93	69	134.6	11.29
 24.6	 94.0	92	69	138.3	10.24
 25.2	 95.5	91	69	143.3	12.31
 25.9	 93.5	91	69	146.2	10.63
 26.5	 94.0	94	70	149.2	10.42
 27.1	 93.8	94	71	153.0	10.49
 27.8	 93.2	93	70	156.3	 8.85
 28.4	 94.6	92	69	160.1	 4.44
 29.1	 92.6	92	70	162.7	 8.46
 29.7	 93.5	95	70	165.9	 7.79
 30.4	 94.0	94	70	168.5	11.69
 31.0	 93.2	93	70	171.1	10.16
 31.6	 95.8	91	68	173.6	10.91
 32.3	 97.1	89	69	176.1	11.40
 32.9	 97.7	90	69	178.5	11.78
 33.5	 96.5	95	71	180.9	13.09
 34.1	 95.8	98	73	183.4	13.70
 34.7	 93.8	98	73	186.0	16.57
 35.4	 93.2	97	72	189.1	11.60
 36.0	 94.6	94	71	191.9	19.99
 36.7	 94.3	94	70	195.6	23.82
 37.3	 93.2	96	71	199.5	13.83
 37.9	 91.7	96	71	202.6	15.92
 38.6	 93.2	94	70	206.3	15.22
 39.2	 94.0	92	69	210.2	14.33
 39.9	 93.5	92	69	213.0	14.16
 40.5	 92.9	95	70	216.4	20.11
 41.2	 93.2	95	71	222.2	21.97
 41.8	 93.2	94	71	225.4	 9.45
 42.5	 94.9	92	70	229.0	10.56
 43.1	 94.3	92	70	232.6	 4.98
 43.7	 94.3	94	70	233.9	11.47
 44.4	 93.2	96	71	236.7	 9.70
 45.0	 92.3	96	71	239.7	11.74
 45.7	 92.3	94	71	242.4	10.72
 46.3	 93.5	92	69	244.4	14.43
 46.9	 95.8	89	68	246.9	11.59
 47.6	 93.5	89	67	248.7	11.90
 48.2	 95.5	92	67	251.3	14.47
 48.8	 97.4	92	69	254.0	13.82
 49.5	100.3	92	69	256.7	10.60
 50.1	101.7	90	69	260.1	11.94
 50.6	102.4	90	70	263.3	12.24
 51.2	 99.7	93	70	265.8	12.32
 51.8	 98.0	96	72	269.0	12.86
 52.4	 94.9	97	73	272.2	16.21
 53.1	 92.6	96	72	274.8	27.90
 53.7	 93.5	94	70	279.6	13.22
 54.4	 92.6	93	70	282.3	15.97
 55.0	 91.7	96	70	286.5	11.37
 55.7	 93.2	94	69	289.9	16.53
 56.3	 94.9	92	68	293.6	11.40
 56.9	 95.2	90	68
 57.6	 94.3	92	68
 58.2	 94.3	94	69
 58.8	 93.8	93	69
 59.5	 97.1	90	68
 60.1	 99.3	87	67
 60.7	100.0	81	64
 61.3	 98.0	83	64
 61.9	 99.0	90	66
 62.5	 97.7	94	69
 63.1	 96.8	96	70
 63.8	 97.1	97	72
 64.4	 98.7	96	73
 65.0	 96.5	97	74
 65.6	 95.8	99	74
 66.2	 93.8	101	76
 66.9	 94.3	101	75
 67.5	 91.7	100	76
 68.2	 91.2	100	75
 68.8	 92.0	98	75
 69.5	 94.3	95	73
 70.1	 93.5	95	72
 70.8	 92.3	97	72
 71.4	 91.2	98	72
 72.1	 91.7	97	72
 72.7	 93.8	95	71
 73.4	 90.9	95	71
 74.0	 90.9	97	71
 74.7	 89.0	98	72
 75.3	 89.3	97	71
 76.0	 91.7	94	70
 76.7	 93.8	91	68
 77.3	 93.5	91	67
 78.0	 93.2	94	68
 78.6	 93.8	94	69
 79.2	 92.3	93	69
 79.9	 93.5	91	68
 80.5	 93.2	91	68
 81.2	 92.9	93	68
 81.8	 94.0	92	68
 82.5	 96.5	91	68
 83.1	 98.0	90	68
 83.7	100.7	90	68
 84.3	103.1	89	69
 84.9	105.3	88	69
 85.4	106.8	87	68
 86.0	103.1	87	68
 86.6	100.0	89	68
 87.2	 97.4	92	69
 87.8	 94.9	93	69
 88.4	 91.7	91	68
 89.1	 94.0	89	66
 89.7	 92.9	86	65
 90.4	 93.2	88	65
 91.0	 93.2	89	65
 91.7	 93.8	88	65
 92.3	 94.0	87	65
 92.9	 95.2	87	65
 93.6	 98.4	85	64
 94.2	 98.4	84	65
 94.8	 99.0	88	66
 95.4	 98.7	90	68
 96.0	 95.2	92	70
 96.6	 94.6	92	70
 97.3	 92.9	90	69
 97.9	 92.0	92	69
 98.6	 92.9	94	69
 99.2	 91.5	93	69
 99.9	 93.8	91	68
100.5	 95.2	88	67
101.1	 94.6	89	67
101.8	 95.8	91	67
102.4	 95.2	93	69
103.0	 95.8	93	69
103.7	 97.1	91	69
104.3	 96.8	90	69
104.9	 94.9	91	69
105.5	 94.9	93	70
106.2	 93.8	94	71
106.8	 92.3	94	70
107.4	 92.0	94	70
108.1	 94.6	92	69
108.7	 92.6	91	69
109.4	 92.6	92	67
110.0	 90.4	93	67
110.7	 90.9	94	68
111.3	 92.6	92	68
112.0	 93.8	91	68
112.6	 96.8	89	67
113.3	 95.8	89	67
113.9	 95.5	92	68
114.5	 93.8	94	70
115.2	 93.2	93	69
115.8	 93.5	91	68
116.4	 90.6	91	68
117.1	 90.4	93	68
117.8	 89.8	93	68
118.4	 89.8	91	67
119.1	 92.9	88	65
119.7	 95.5	84	63
120.4	 96.5	84	63
121.0	 97.4	87	64
121.6	 98.7	89	65
122.2	 98.0	89	67
122.8	 99.0	89	67
123.4	 99.7	88	68
124.0	 98.4	89	68
124.7	 98.4	92	69
125.3	 94.6	95	71
125.9	 91.2	98	72
126.6	 86.7	97	72
127.2	 89.6	96	70
127.9	 92.3	91	69
128.6	 92.3	89	67
129.2	 93.5	90	66
129.9	 93.8	92	66
130.5	 93.2	92	67
131.1	 94.9	92	67
131.8	 96.5	90	67
132.4	 98.7	88	67
133.0	 98.0	89	67
133.6	 98.7	94	68
134.2	 97.4	95	70
134.8	 95.5	94	70
135.5	 96.8	92	69
136.1	 93.8	91	69
136.7	 92.6	93	68
137.4	 93.2	93	68
138.0	 93.2	92	68
138.7	 94.9	90	67
139.3	 97.4	87	66
139.9	 97.1	87	66
140.5	 98.4	92	67
141.1	 96.8	97	70
141.8	 92.0	98	72
142.4	 90.4	97	71
143.1	 89.0	96	70
143.7	 91.7	95	69
144.4	 91.5	91	68
145.1	 92.6	93	67
145.7	 93.2	95	68
146.3	 93.5	95	68
147.0	 94.9	93	67
147.6	 93.8	92	68
148.3	 94.0	94	68
148.9	 94.0	94	68
149.5	 94.6	93	68
150.2	 94.6	91	67
150.8	 93.5	91	67
151.4	 93.5	93	67
152.1	 93.5	93	67
152.7	 93.2	92	66
153.4	 94.3	90	66
154.0	 95.8	87	65
154.6	 95.2	87	64
155.3	 95.8	90	64
155.9	 94.9	91	66
156.5	 95.5	90	66
157.2	 96.2	89	66
157.8	 93.8	89	66
158.4	 92.9	91	66
159.1	 92.3	91	66
159.7	 90.9	90	66
160.4	 92.6	89	65
161.0	 92.0	88	65
161.7	 92.9	89	65
162.3	 93.2	90	65
163.0	 94.0	90	66
163.6	 94.6	88	66
164.2	 92.9	89	66
164.9	 94.0	92	66
165.5	 92.0	92	67
166.2	 89.8	92	67
166.8	 92.0	90	66
167.5	 91.2	90	66
168.2	 91.7	91	65
168.8	 93.2	89	65
169.4	 94.3	88	65
170.1	 92.9	89	65
170.7	 93.2	92	66
171.4	 92.0	91	66
172.0	 93.2	90	66
172.7	 90.4	90	66
173.3	 91.7	91	66
174.0	 93.2	90	66
174.6	 93.2	88	65
175.3	 93.5	90	65
175.9	 93.5	90	66
176.6	 96.2	90	66
177.2	 93.8	89	67
177.8	 93.5	93	67
178.5	 93.2	93	68
179.1	 94.0	92	68
179.8	 90.4	91	67
180.4	 90.4	93	67
181.1	 90.4	92	67
181.7	 92.9	89	65
182.4	 92.3	88	65
183.0	 95.2	91	65
183.7	 95.5	90	66
184.3	 95.8	90	67
184.9	 95.8	92	68
185.5	 95.2	97	70
186.2	 95.2	98	72
186.8	 95.2	98	73
187.4	 90.4	101	73
188.1	 89.8	105	74
188.8	 88.0	106	75
189.5	 88.2	104	74
190.1	 87.5	100	73
190.8	 87.7	101	71
191.5	 87.0	100	71
192.2	 91.5	98	69
192.8	 92.9	92	68
193.5	 93.2	91	67
194.1	 94.0	95	68
194.8	 93.8	100	71
195.4	 97.1	99	72
196.0	 99.0	97	73
196.6	100.3	100	74
197.2	101.4	103	75
197.8	 97.7	105	78
198.4	 92.9	110	80
199.1	 86.0	111	79
199.8	 85.5	110	77
200.5	 88.8	106	75
201.2	 87.2	104	75
201.9	 89.8	105	74
202.5	 91.5	103	74
203.2	 95.8	99	72
203.8	 96.2	96	71
204.4	 96.2	98	71
205.1	 94.3	99	71
205.7	 94.6	100	72
206.3	 94.0	99	72
207.0	 95.8	97	71
207.6	 97.1	96	71
208.2	 97.4	97	70
208.8	 97.7	99	72
209.4	 95.2	101	73
210.1	 91.7	102	74
210.7	 92.6	101	73
211.4	 90.9	99	73
212.0	 90.6	102	73
212.7	 88.8	102	73
213.4	 89.0	101	72
214.0	 90.6	99	70
214.7	 88.8	96	69
215.4	 89.6	99	69
216.0	 88.8	97	69
216.7	 91.2	95	68
217.4	 95.2	91	66
218.0	 97.7	87	65
218.6	 98.0	86	64
219.2	 97.7	91	67
219.8	 96.2	98	70
220.5	 92.3	102	73
221.1	 92.3	105	76
221.8	 93.5	110	79
222.4	 94.3	107	79
223.1	 95.8	109	77
223.7	 94.6	111	78
224.3	 93.5	113	80
225.0	 91.2	112	79
225.6	 89.6	109	77
226.3	 92.3	106	75
226.9	 91.7	104	74
227.6	 92.9	105	74
228.2	 93.8	104	74
228.9	 93.2	104	74
229.5	 94.6	102	74
230.2	 93.5	101	74
230.8	 92.3	103	73
231.4	 91.5	104	74
232.1	 89.6	104	73
232.8	 90.6	103	73
233.4	 90.1	102	73
234.1	 91.5	102	72
234.8	 89.8	101	72
235.4	 89.3	103	72
236.1	 87.7	102	72
236.8	 88.0	101	71
237.5	 89.0	98	70
238.1	 89.0	98	69
238.8	 90.1	97	68
239.5	 89.6	96	68
240.1	 92.6	95	67
240.8	 91.7	93	67
241.4	 92.9	95	67
242.1	 92.9	96	68
242.7	 93.2	95	69
243.4	 92.3	95	69
244.0	 92.6	97	70
244.7	 92.3	96	70
245.3	 89.6	95	70
246.0	 88.5	96	70
246.7	 88.8	96	69
247.4	 88.8	95	69
248.0	 88.5	94	68
248.7	 90.9	93	67
249.4	 91.2	91	67
250.0	 92.3	94	67
250.7	 93.8	95	69
251.3	 94.9	94	69
251.9	 97.7	94	69
252.6	 97.1	93	70
253.2	 96.2	97	71
253.8	 94.6	99	72
254.4	 94.0	98	72
255.1	 90.1	97	72
255.7	 90.6	100	71
256.4	 87.5	99	71
257.1	 90.1	98	69
257.8	 90.1	94	68
258.4	 89.6	94	67
259.1	 91.2	95	67
259.7	 92.3	95	68
260.4	 94.0	94	68
261.0	 96.2	93	68
261.7	 95.5	93	69
262.3	 95.5	97	70
262.9	 93.2	98	72
263.6	 93.2	97	71
264.2	 92.0	95	71
264.9	 91.5	97	71
265.5	 89.6	98	71
266.2	 91.2	96	69
266.8	 93.8	93	68
267.5	 94.0	93	68
268.1	 94.9	96	70
268.8	 94.3	97	71
269.4	 94.6	96	71
270.0	 94.0	95	70
270.7	 91.2	97	70
271.3	 88.8	98	71
272.0	 87.5	97	70
272.7	 91.2	95	69
273.3	 90.1	93	68
274.0	 91.7	97	68
274.7	 93.2	95	69
275.3	 97.1	94	68
275.9	 98.7	89	67
276.5	 99.7	83	65
277.1	 95.8	87	67
277.8	 94.6	95	67
278.4	 93.2	99	70
279.0	 93.2	100	71
279.7	 95.5	101	73
280.3	 99.3	101	74
280.9	100.7	102	76
281.5	103.1	104	77
282.1	104.5	104	79
282.7	102.7	102	78
283.2	100.3	100	76
283.8	 98.0	101	76
284.5	 95.8	104	75
285.1	 92.9	105	76
285.7	 91.5	104	75
286.4	 90.1	102	74
287.0	 95.2	99	72
287.7	 95.2	95	71
288.3	 94.3	98	70
288.9	 94.3	100	71
289.6	 92.6	101	73
290.2	 92.9	100	72
290.9	 93.5	98	72
291.5	 90.6	98	72
292.2	 90.1	102	72
292.8	 86.7	102	73
293.5	 83.3	101	72
294.3	 87.7	98	70
294.9	 86.5	94	69
295.6	 86.2	96	68
296.3	 86.2	97	68
297.0	 86.0	97	68
297.7	 86.0	95	67
298.4	 91.5	92	67
