  0.8	 78.5	82	61	  1.6	13.44
  1.5	 79.6	81	61	  4.5	13.56
  2.3	 82.9	77	61	  7.8	29.12
  3.0	 83.1	76	60	 11.9	21.83
  3.7	 86.7	79	61	 14.4	12.25
  4.4	 89.0	80	62	 17.4	18.68
  5.1	 90.4	79	63	 20.4	15.03
  5.8	 90.9	78	63	 22.5	11.56
  6.4	 90.9	78	63	 25.1	14.51
  7.1	 92.6	81	64	 30.4	10.36
  7.7	 94.9	83	65	 33.4	14.18
  8.4	 96.8	82	65	 35.9	 9.11
  9.0	 99.3	79	65	 38.3	10.52
  9.6	100.3	75	64	 45.4	21.82
 10.2	101.0	78	65	 48.4	22.30
 10.8	104.2	83	65	 53.4	19.26
 11.4	106.4	89	68	 56.5	13.88
 11.9	107.5	92	71	 60.9	13.82
 12.5	104.5	95	72	 63.6	10.41
 13.1	 98.0	97	74	 66.6	12.33
 13.7	 90.1	100	75	 69.8	21.68
 14.3	 87.0	100	74	 73.0	14.00
 15.0	 83.3	97	72	 77.3	14.84
 15.7	 80.2	93	70	 79.8	16.35
 16.5	 79.8	95	69	 82.6	16.65
 17.2	 80.4	93	68	 86.7	12.73
 18.0	 83.1	90	67	 89.7	22.01
 18.7	 82.9	89	66	 94.8	21.73
 19.4	 82.9	92	67	 98.0	12.56
 20.2	 83.8	94	68	101.8	14.27
 20.9	 83.1	92	68	104.5	 9.47
 21.6	 81.5	93	68	107.5	12.66
 22.3	 83.3	93	68	110.5	11.97
 23.1	 84.3	92	67	114.4	 4.46
 23.8	 83.1	93	68	117.4	29.08
 24.5	 82.9	96	69	122.0	13.21
 25.2	 81.5	94	69	126.2	16.22
 25.9	 78.9	93	68	130.3	13.82
 26.7	 77.5	93	67	133.7	16.28
 27.5	 78.3	91	65	137.6	10.10
 28.3	 80.4	88	64	141.3	18.16
 29.0	 82.0	85	63	144.4	 7.57
 29.7	 83.3	87	63	147.7	10.01
 30.4	 85.5	86	63	152.0	18.40
 31.1	 86.0	85	63	153.6	 9.45
 31.8	 86.0	86	63	156.6	15.74
 32.5	 87.7	87	63	160.7	15.04
 33.2	 88.2	87	64	164.3	 8.53
 33.9	 89.0	86	64	167.8	20.05
 34.6	 87.2	85	64	170.9	10.34
 35.3	 86.7	87	64	173.8	12.83
 36.0	 86.5	86	64	176.5	12.16
 36.7	 86.5	84	64	180.8	17.97
 37.4	 86.5	84	63	184.1	12.02
 38.0	 90.4	83	63	186.7	10.52
 38.7	 94.3	83	63	188.9	 6.91
 39.3	 96.5	82	64	191.1	14.45
 40.0	 97.4	81	64	194.0	14.93
 40.6	 98.4	85	65	198.2	22.48
 41.2	 95.2	90	67	201.4	13.03
 41.8	 86.0	94	70	204.3	16.32
 42.5	 82.0	95	70	207.6	17.46
 43.3	 77.7	95	69	210.6	15.35
 44.0	 75.4	93	69	213.6	14.54
 44.8	 76.3	73	66	216.4	10.55
 45.6	 77.7	80	56	218.5	13.08
 46.4	 81.5	76	61	221.4	16.47
 47.1	 82.9	68	60	228.4	11.16
 47.8	 86.7	60	56	232.4	14.26
 48.5	 89.6	53	52	244.6	15.80
 49.2	 90.9	68	52	247.6	14.87
 49.9	 94.3	71	60	251.1	15.36
 50.5	 98.0	70	60	254.4	12.13
 51.1	 98.4	71	60	257.6	 9.21
 51.7	101.0	78	61	260.1	13.27
 52.3	103.8	83	63	262.8	12.14
 52.9	105.6	83	66	265.9	13.80
 53.5	107.5	80	66	268.7	16.08
 54.0	107.1	79	65	271.4	12.75
 54.6	104.5	78	64	273.9	10.43
 55.2	103.1	80	64	277.0	13.18
 55.7	 99.7	82	65	279.7	 5.63
 56.3	 98.4	80	65	282.3	 9.51
 56.9	 97.7	77	64	284.6	17.61
 57.6	 97.7	75	62	288.9	 8.90
 58.2	 95.2	75	61	291.9	13.79
 58.8	 95.5	77	62
 59.4	 97.4	80	64
 60.0	 98.0	80	65
 60.7	100.3	79	65
 61.3	101.7	76	64
 61.8	102.4	74	63
 62.4	102.0	75	63
 63.0	101.4	78	64
 63.6	100.0	79	65
 64.2	 98.0	79	65
 64.8	 94.6	78	65
 65.5	 92.0	79	65
 66.1	 91.5	79	65
 66.8	 89.6	78	64
 67.4	 89.8	78	63
 68.1	 87.5	77	62
 68.8	 86.7	79	63
 69.5	 84.7	77	64
 70.2	 84.3	77	64
 70.9	 86.5	78	63
 71.6	 84.0	77	63
 72.3	 82.9	79	63
 73.0	 82.2	81	64
 73.8	 81.5	78	63
 74.5	 78.5	78	63
 75.3	 78.3	78	62
 76.0	 76.9	68	63
 76.8	 76.3	64	61
 77.6	 77.7	56	54
 78.4	 81.5	60	52
 79.1	 82.4	58	57
 79.8	 85.2	60	54
 80.5	 86.2	68	59
 81.2	 84.7	70	61
 81.9	 83.8	65	60
 82.7	 84.0	66	61
 83.4	 82.9	70	60
 84.1	 83.3	72	59
 84.8	 84.0	69	60
 85.5	 85.2	67	61
 86.2	 86.0	67	61
 86.9	 86.7	68	61
 87.6	 87.2	71	61
 88.3	 86.5	72	61
 89.0	 88.0	71	61
 89.7	 89.6	72	63
 90.4	 90.9	75	63
 91.0	 92.9	75	63
 91.7	 96.2	74	63
 92.3	 97.7	75	63
 92.9	 99.0	80	65
 93.5	101.0	85	66
 94.1	103.4	88	69
 94.7	102.7	87	70
 95.3	 98.7	84	69
 95.9	 94.6	81	67
 96.5	 90.4	81	65
 97.2	 88.5	83	65
 97.8	 86.0	80	65
 98.5	 86.0	74	63
 99.2	 87.0	73	61
 99.9	 87.0	75	61
100.6	 87.0	78	61
101.3	 88.2	77	63
102.0	 88.0	75	63
102.7	 89.0	74	62
103.4	 87.2	75	63
104.0	 88.0	75	63
104.7	 89.0	76	63
105.4	 89.6	77	63
106.1	 89.0	78	63
106.7	 88.0	81	65
107.4	 87.2	80	66
108.1	 84.7	80	65
108.8	 82.4	79	64
109.5	 81.1	81	63
110.3	 81.5	79	63
111.0	 81.1	77	63
111.8	 81.3	76	62
112.5	 81.3	76	61
113.2	 83.1	77	61
114.0	 83.6	78	62
114.7	 84.7	76	62
115.4	 86.0	75	62
116.1	 85.7	76	62
116.8	 89.3	79	62
117.5	 90.4	79	65
118.1	 93.2	80	65
118.8	 95.8	77	65
119.4	 98.7	74	63
120.0	 97.4	78	65
120.6	101.7	85	65
121.2	103.8	90	68
121.8	105.6	92	71
122.3	106.0	93	72
122.9	103.4	90	73
123.5	 99.0	90	73
124.1	 96.5	96	73
124.7	 93.5	98	74
125.4	 92.0	97	73
126.0	 94.9	93	72
126.7	 96.2	88	71
127.3	 96.2	85	69
127.9	 96.8	83	67
128.5	 96.2	85	67
129.1	 96.5	89	68
129.8	 95.2	92	70
130.4	 92.9	92	71
131.0	 90.4	90	70
131.7	 89.0	88	69
132.4	 84.5	89	69
133.1	 84.0	90	68
133.8	 82.4	87	68
134.5	 83.3	85	66
135.3	 83.1	85	65
136.0	 82.0	86	64
136.7	 82.0	89	64
137.4	 80.9	88	65
138.2	 79.8	86	64
138.9	 82.2	85	63
139.7	 81.7	87	64
140.4	 82.2	87	64
141.1	 83.3	85	65
141.8	 84.3	84	63
142.6	 84.7	83	63
143.3	 83.6	83	62
144.0	 83.6	83	62
144.7	 84.0	81	62
145.4	 83.8	80	62
146.1	 85.7	80	61
146.8	 88.0	81	62
147.5	 90.9	80	63
148.2	 92.6	80	64
148.8	 94.9	82	64
149.5	 94.6	83	65
150.1	 94.6	84	65
150.7	 93.8	85	67
151.4	 90.4	85	67
152.0	 88.8	84	66
152.7	 88.0	82	65
153.4	 88.8	80	63
154.1	 87.7	78	62
154.7	 88.0	77	60
155.4	 88.0	79	60
156.1	 91.5	80	60
156.8	 93.5	79	61
157.4	 95.8	77	61
158.0	 97.7	74	61
158.6	100.3	76	61
159.2	103.4	79	62
159.8	105.3	80	64
160.4	107.5	78	65
160.9	108.3	79	66
161.5	107.5	79	66
162.1	105.6	78	66
162.6	102.0	78	65
163.2	 99.0	82	65
163.8	 95.5	82	66
164.5	 93.2	80	65
165.1	 94.0	76	63
165.7	 94.3	77	63
166.4	 96.8	79	63
167.0	 98.7	78	64
167.6	101.0	75	64
168.2	101.0	73	63
168.8	 99.7	73	62
169.4	 99.0	75	62
170.0	 97.7	79	63
170.6	 94.6	81	65
171.2	 90.4	81	66
171.9	 87.5	79	65
172.6	 85.2	79	64
173.3	 86.7	79	64
174.0	 86.0	78	64
174.7	 88.5	77	63
175.4	 86.2	78	64
176.1	 85.5	78	64
176.8	 87.0	78	64
177.5	 86.7	76	64
178.1	 86.2	78	63
178.8	 84.5	80	64
179.6	 85.2	75	64
180.3	 87.0	70	67
180.9	 85.7	66	61
181.6	 88.0	67	61
182.3	 88.8	69	60
183.0	 88.0	63	58
183.7	 89.6	54	52
184.4	 89.6	51	49
185.0	 89.0	50	47
185.7	 88.0	51	50
186.4	 88.2	50	50
187.1	 89.8	49	47
187.7	 89.3	47	46
188.4	 91.2	48	47
189.1	 94.3	47	47
189.7	 91.5	47	46
190.3	 96.2	46	45
191.0	 92.0	46	46
191.6	 96.2	46	45
192.3	 94.3	63	46
192.9	 93.8	68	60
193.5	 91.7	70	61
194.2	 91.2	74	61
194.8	 93.2	75	61
195.5	 93.5	75	61
196.1	 91.2	80	63
196.8	 96.8	82	63
197.4	 98.7	82	64
198.0	100.0	80	64
198.6	100.0	76	63
199.2	 99.0	71	61
199.8	 94.6	71	61
200.4	 94.0	70	60
201.1	 92.6	63	60
201.7	 93.8	63	59
202.4	 94.3	66	59
203.0	 94.3	69	60
203.6	 95.8	66	61
204.3	 97.7	66	62
204.9	 99.0	70	63
205.5	 99.7	75	63
206.1	 99.3	78	65
206.7	100.0	82	66
207.3	 98.4	83	70
207.9	 93.5	88	71
208.6	 90.4	88	70
209.2	 86.7	88	69
209.9	 86.5	90	69
210.6	 81.1	88	69
211.3	 82.2	88	67
212.1	 79.8	87	67
212.8	 80.9	85	66
213.6	 82.2	80	65
214.3	 82.6	80	64
215.0	 84.5	79	63
215.7	 85.5	78	64
216.4	 86.7	74	64
217.1	 88.0	75	64
217.8	 87.0	75	64
218.5	 89.3	74	63
219.2	 91.2	76	63
219.8	 91.7	78	64
220.5	 90.9	81	65
221.1	 90.6	83	67
221.8	 90.6	82	68
222.5	 88.8	84	67
223.1	 85.2	84	68
223.8	 86.0	84	67
224.5	 84.7	81	67
225.3	 84.7	81	66
226.0	 86.2	80	65
226.7	 86.5	77	64
227.3	 85.0	78	63
228.1	 87.7	76	64
228.7	 88.0	74	64
229.4	 89.8	74	63
230.1	 90.9	74	63
230.8	 90.9	75	63
231.4	 91.7	76	63
232.1	 91.7	77	64
232.7	 92.0	78	64
233.4	 91.5	78	64
234.0	 86.5	82	66
234.7	 86.0	87	67
235.4	 81.7	89	69
236.2	 76.5	86	68
236.9	 76.7	84	66
237.7	 76.7	80	65
238.5	 79.4	77	64
239.3	 86.2	75	63
240.0	 86.7	74	62
240.6	 89.0	75	62
241.3	 92.6	77	62
242.0	 96.8	79	64
242.6	 96.2	85	67
243.2	101.0	89	68
243.8	102.7	95	72
244.4	 94.6	98	75
245.0	 84.7	100	75
245.7	 81.3	100	74
246.5	 77.3	99	75
247.2	 74.8	96	74
248.0	 74.8	91	71
248.8	 76.1	87	68
249.6	 75.0	80	67
250.4	 77.1	72	65
251.2	 80.0	72	64
252.0	 83.1	74	62
252.7	 83.3	76	62
253.4	 85.7	76	63
254.1	 87.2	75	65
254.8	 87.5	78	65
255.5	 86.7	80	65
256.2	 85.2	81	65
256.9	 85.5	84	66
257.6	 84.0	82	67
258.3	 84.7	82	66
259.0	 83.1	84	66
259.7	 85.0	83	66
260.4	 86.2	81	66
261.1	 86.7	83	65
261.8	 87.2	85	66
262.5	 87.7	83	67
263.2	 88.0	83	67
263.9	 89.0	84	67
264.5	 83.8	86	67
265.3	 85.7	86	66
266.0	 84.5	85	66
266.7	 88.8	84	65
267.3	 82.0	84	65
268.1	 86.2	87	65
268.8	 87.7	86	66
269.5	 91.5	85	66
270.1	 86.5	86	67
270.8	 88.5	89	67
271.5	 87.0	89	70
272.2	 88.2	89	69
272.9	 81.1	88	69
273.6	 81.5	89	67
274.3	 81.7	84	66
275.1	 85.7	82	64
275.8	 81.1	83	64
276.5	 84.0	82	63
277.2	 88.0	78	63
277.9	 86.7	77	63
278.6	 82.4	75	62
279.3	 86.5	73	61
280.0	 89.6	72	62
280.7	 84.5	71	61
281.4	 88.0	72	61
282.1	 89.8	70	62
282.7	 91.7	70	62
283.4	 91.7	73	62
284.1	 92.0	74	64
284.7	 96.2	75	64
285.3	 94.3	77	64
286.0	 95.5	77	64
286.6	 93.5	79	64
287.2	 94.0	84	66
287.9	 90.6	86	68
288.5	 85.7	85	68
289.2	 83.3	81	66
290.0	 83.6	77	64
290.7	 85.7	76	63
291.4	 89.0	73	62
292.0	 91.2	70	61
292.7	 93.5	70	60
293.3	 93.8	71	61
294.0	 95.2	71	61
294.6	 96.2	71	62
295.2	 95.8	72	63
295.9	 96.2	73	63
296.5	 96.5	73	63
297.1	 94.6	75	64
297.7	 96.2	74	64
298.4	 97.4	74	64
299.0	 98.0	74	64
