  0.6	 91.5	109	68	  1.1	 8.99
  1.3	 93.2	106	68	  3.7	 7.02
  1.9	 90.9	104	70	  6.4	 8.13
  2.6	 89.8	107	69	  9.3	13.28
  3.2	 87.7	109	70	 13.7	 9.58
  3.9	 88.0	107	68	 16.6	 8.63
  4.6	 86.5	104	69	 19.5	 8.00
  5.3	 87.5	106	67	 22.3	10.51
  6.0	 87.2	105	68	 24.8	10.65
  6.7	 87.5	102	66	 27.4	 9.76
  7.4	 88.2	100	66	 30.6	10.82
  8.0	 89.3	103	67	 33.5	10.25
  8.7	 86.0	107	69	 36.5	 9.98
  9.4	 84.5	107	69	 39.5	10.68
 10.1	 89.6	103	68	 42.7	11.51
 10.8	 91.7	102	68	 46.1	11.51
 11.4	 87.7	107	70	 49.1	11.05
 12.1	 87.7	117	71	 51.9	10.58
 12.8	 85.0	118	72	 54.6	10.21
 13.5	 82.6	114	71	 57.3	 9.70
 14.2	 86.2	107	68	 60.2	15.99
 14.9	 85.5	103	68	 67.9	 9.86
 15.6	 85.5	105	66	 70.5	 9.83
 16.3	 86.0	103	66	 73.1	 9.19
 17.0	 88.5	99	65	 75.5	 8.92
 17.7	 88.5	98	66	 78.0	 9.18
 18.4	 89.0	102	65	 80.8	 9.19
 19.1	 89.0	102	66	 83.5	 8.29
 19.8	 91.5	100	66	 86.2	 8.89
 20.4	 90.1	98	66	 89.0	 8.92
 21.1	 89.6	101	66	 91.8	 9.21
 21.7	 89.8	103	67	 94.8	 9.22
 22.4	 92.0	101	67	 97.5	 8.83
 23.1	 94.3	99	67	100.7	 9.66
 23.7	 91.7	102	68	103.3	10.18
 24.4	 91.5	107	70	106.0	11.59
 25.0	 91.2	107	70	108.6	11.45
 25.7	 91.2	105	71	111.3	11.41
 26.3	 89.8	107	71	114.0	11.62
 27.0	 88.2	111	71	116.8	10.52
 27.7	 88.5	108	70	119.7	11.75
 28.4	 90.9	104	69	122.2	 9.99
 29.0	 89.6	104	69	125.0	10.76
 29.7	 90.9	109	69	127.7	11.05
 30.3	 90.4	109	71	130.6	10.11
 31.0	 93.2	105	70	133.5	11.54
 31.6	 92.6	103	71	136.3	11.31
 32.3	 93.5	108	70	139.2	10.84
 32.9	 94.0	112	72	142.7	10.33
 33.6	 94.6	111	72	145.8	 9.76
 34.2	 96.8	107	72	148.4	11.35
 34.8	 93.5	109	73	150.9	10.34
 35.5	 92.9	115	73	153.7	11.15
 36.1	 90.6	115	74	156.6	11.18
 36.8	 91.5	111	72	159.4	11.01
 37.4	 90.4	107	72	162.1	 9.85
 38.1	 88.5	109	70	165.1	 9.77
 38.8	 89.0	111	70	168.0	10.17
 39.5	 88.8	107	70	170.9	10.58
 40.1	 92.3	102	68	173.7	11.00
 40.8	 91.5	100	68	176.4	11.64
 41.4	 90.6	106	67	178.9	10.27
 42.1	 91.2	109	69	181.4	10.73
 42.8	 88.8	107	69	184.5	11.07
 43.4	 92.0	102	68	189.4	12.33
 44.1	 89.3	101	68	192.5	11.98
 44.8	 88.8	107	68	195.3	 8.46
 45.4	 89.0	111	69	198.3	 9.89
 46.1	 88.0	107	69	201.3	11.32
 46.8	 91.7	102	67	204.1	11.76
 47.4	 90.4	101	68	207.0	10.27
 48.1	 91.2	108	68	209.6	10.51
 48.8	 89.0	108	70	212.3	 9.87
 49.4	 91.5	103	67	214.9	10.02
 50.1	 90.4	99	67	217.8	12.27
 50.8	 89.8	104	67	220.4	11.19
 51.4	 89.6	107	68	223.2	10.40
 52.1	 91.7	103	67	226.3	10.56
 52.7	 91.2	100	67	229.3	 9.88
 53.4	 89.8	102	67	232.5	10.72
 54.1	 89.3	105	67	235.4	10.66
 54.7	 88.8	103	66	238.2	11.21
 55.4	 89.3	100	66	241.0	12.64
 56.1	 87.5	100	66	243.5	17.91
 56.8	 87.7	103	65	249.3	 8.35
 57.5	 87.7	99	64	252.2	10.43
 58.1	 89.3	95	63	254.6	 9.34
 58.8	 87.0	94	62	257.4	 9.53
 59.5	 87.0	97	61	260.7	 9.17
 60.2	 85.2	95	61	263.5	 8.41
 60.9	 90.6	92	60	266.7	 9.31
 61.6	 94.3	87	58	269.6	 8.39
 62.2	 94.6	85	57	272.9	 9.35
 62.8	 92.6	84	58	275.9	 8.70
 63.5	 91.2	96	59	278.8	 9.02
 64.1	 88.8	106	63	281.8	10.15
 64.8	 82.2	111	66	284.8	 9.43
 65.5	 81.1	110	66	287.7	 9.70
 66.3	 87.0	104	66	291.0	 9.94
 67.0	 91.2	97	66	293.9	10.29
 67.6	 94.0	92	63
 68.3	 96.5	87	59
 68.9	 96.2	88	59
 69.5	 97.1	93	59
 70.1	 96.5	94	61
 70.8	 98.4	93	62
 71.4	 97.4	93	64
 72.0	 97.7	98	65
 72.6	 96.2	101	67
 73.2	 96.2	101	68
 73.8	 93.2	101	69
 74.5	 91.2	104	69
 75.2	 87.2	106	69
 75.8	 88.5	103	67
 76.5	 86.2	100	67
 77.2	 86.7	102	65
 77.9	 88.8	101	64
 78.6	 92.0	98	63
 79.2	 91.7	97	65
 79.9	 92.6	101	64
 80.5	 93.2	101	65
 81.2	 95.2	99	65
 81.8	 93.2	98	66
 82.5	 93.5	103	66
 83.1	 92.0	105	68
 83.7	 92.3	103	67
 84.4	 90.9	100	67
 85.1	 91.2	101	66
 85.7	 91.7	102	66
 86.4	 93.5	99	65
 87.0	 94.3	97	64
 87.6	 92.0	98	64
 88.3	 92.9	102	65
 88.9	 91.7	101	66
 89.6	 93.5	99	65
 90.2	 90.1	99	67
 90.9	 90.6	104	66
 91.6	 88.5	104	68
 92.2	 87.2	101	66
 92.9	 87.2	99	65
 93.6	 86.7	101	64
 94.3	 88.0	102	65
 95.0	 88.0	99	65
 95.7	 90.9	98	64
 96.3	 90.9	99	65
 97.0	 92.0	103	66
 97.7	 92.6	103	67
 98.3	 94.6	102	68
 98.9	 92.3	102	69
 99.6	 90.9	108	69
100.2	 90.9	109	70
100.9	 89.6	106	69
101.6	 91.5	101	67
102.2	 88.8	102	67
102.9	 88.5	103	66
103.6	 91.5	99	64
104.2	 90.9	97	64
104.9	 91.5	100	64
105.6	 92.0	101	65
106.2	 92.9	98	64
106.9	 94.9	96	64
107.5	 94.3	98	65
108.1	 93.2	102	66
108.8	 92.9	101	66
109.4	 93.5	98	65
110.1	 92.0	99	66
110.7	 90.9	104	66
111.4	 90.1	101	66
112.0	 92.6	98	65
112.7	 90.4	99	66
113.3	 90.1	104	66
114.0	 89.6	103	66
114.7	 91.7	99	65
115.3	 88.2	99	66
116.0	 88.8	105	65
116.7	 87.0	104	66
117.4	 90.4	100	65
118.0	 88.5	99	66
118.7	 90.1	104	65
119.4	 90.1	104	67
120.1	 92.6	101	66
120.7	 91.5	98	67
121.4	 92.0	102	65
122.0	 89.3	102	66
122.7	 93.5	101	65
123.3	 92.3	100	67
124.0	 94.0	105	67
124.6	 93.8	106	69
125.3	 95.2	104	68
125.9	 93.5	101	69
126.5	 92.0	105	69
127.2	 91.5	107	69
127.8	 93.5	103	67
128.5	 94.9	97	66
129.1	 93.8	98	65
129.7	 93.2	102	65
130.4	 91.2	102	66
131.0	 92.0	98	64
131.7	 90.1	95	63
132.4	 90.9	98	62
133.0	 92.3	99	64
133.7	 94.6	97	63
134.3	 96.8	94	63
134.9	 97.7	96	64
135.5	 99.3	102	66
136.1	 99.3	105	69
136.8	100.7	104	70
137.3	 97.4	103	71
138.0	 94.3	109	71
138.6	 93.2	113	72
139.2	 91.2	111	72
139.9	 94.0	105	69
140.5	 91.2	102	68
141.2	 90.6	105	66
141.9	 90.9	105	66
142.5	 90.6	101	64
143.2	 94.0	94	61
143.8	 95.2	91	60
144.4	 95.8	95	60
145.1	 95.8	98	62
145.7	 95.2	99	63
146.3	 96.2	97	63
147.0	 92.9	97	64
147.6	 92.0	101	65
148.3	 91.5	101	66
148.9	 92.3	98	63
149.6	 90.9	98	64
150.2	 90.4	101	64
150.9	 87.2	100	64
151.6	 91.2	97	63
152.2	 89.6	96	64
152.9	 88.2	100	63
153.6	 88.5	100	64
154.3	 92.6	95	62
154.9	 92.6	93	63
155.6	 93.2	99	63
156.2	 92.0	101	65
156.8	 92.6	98	64
157.5	 93.8	95	64
158.1	 92.3	96	64
158.8	 92.0	100	64
159.4	 90.4	99	65
160.1	 91.7	96	65
160.8	 88.0	97	65
161.4	 88.2	102	64
162.1	 88.0	100	65
162.8	 91.7	96	63
163.5	 88.2	95	63
164.1	 89.6	101	63
164.8	 90.4	101	65
165.5	 91.7	98	65
166.1	 90.9	97	65
166.8	 88.8	100	65
167.5	 89.8	104	66
168.1	 91.7	100	66
168.8	 93.8	97	66
169.4	 93.2	99	66
170.1	 94.3	105	67
170.7	 91.7	106	70
171.4	 91.7	103	68
172.0	 90.1	101	68
172.7	 88.8	105	68
173.3	 88.0	106	68
174.0	 89.0	101	66
174.7	 88.2	98	65
175.4	 88.2	100	64
176.1	 87.5	101	64
176.8	 90.6	97	63
177.4	 89.0	95	63
178.1	 89.3	99	63
178.8	 88.2	100	64
179.4	 90.4	96	63
180.1	 89.3	96	63
180.8	 90.1	99	63
181.4	 89.6	98	64
182.1	 92.3	95	63
182.8	 90.4	95	64
183.4	 91.5	102	64
184.1	 92.6	103	67
184.7	 93.2	100	66
185.4	 96.2	97	66
186.0	 96.8	97	65
186.6	 96.8	103	68
187.2	 95.8	109	69
187.9	 97.7	110	71
188.5	 99.0	107	71
189.1	 98.7	103	70
189.7	100.0	96	66
190.3	100.7	92	63
190.9	101.4	95	63
191.5	101.4	98	64
192.1	101.7	99	65
192.7	102.0	95	64
193.3	102.4	92	63
193.8	 99.7	95	64
194.4	 99.0	101	65
195.0	 96.5	103	68
195.7	 96.2	101	67
196.3	 94.3	100	68
196.9	 91.7	104	68
197.6	 92.0	108	69
198.2	 89.8	105	69
198.9	 91.7	101	67
199.6	 88.2	99	66
200.2	 86.5	103	65
200.9	 85.2	102	65
201.6	 87.2	97	62
202.3	 87.7	92	61
203.0	 86.7	94	60
203.7	 88.2	95	60
204.4	 90.6	91	59
205.0	 92.9	89	59
205.7	 92.0	92	60
206.3	 91.7	96	61
207.0	 90.9	96	62
207.7	 92.9	92	61
208.3	 89.8	93	62
209.0	 88.5	97	61
209.6	 90.4	96	62
210.3	 93.5	93	61
210.9	 90.9	94	63
211.6	 90.4	99	63
212.3	 89.6	99	65
212.9	 92.6	96	63
213.6	 90.4	96	64
214.3	 90.9	99	63
214.9	 90.6	97	64
215.6	 93.8	94	62
216.2	 92.3	93	62
216.9	 92.3	98	62
217.5	 90.1	98	64
218.2	 94.6	95	62
218.8	 92.9	93	64
219.5	 92.3	99	64
220.1	 91.7	101	66
220.8	 93.8	98	64
221.4	 91.7	96	65
222.1	 91.7	100	64
222.7	 90.6	101	66
223.4	 92.0	98	64
224.0	 93.5	94	63
224.7	 91.7	95	63
225.3	 91.2	99	63
226.0	 92.0	98	64
226.6	 93.8	93	62
227.3	 94.3	92	62
227.9	 94.9	96	63
228.5	 94.9	100	65
229.2	 93.8	100	66
229.8	 95.5	97	65
230.4	 95.8	97	66
231.1	 93.8	101	66
231.7	 93.8	106	68
232.3	 92.6	106	69
233.0	 95.8	102	68
233.6	 92.3	101	69
234.3	 92.9	106	68
234.9	 90.4	108	68
235.6	 91.5	103	66
236.2	 92.6	97	64
236.9	 90.6	97	63
237.5	 91.7	99	62
238.2	 91.5	96	62
238.9	 94.6	92	61
239.5	 93.2	92	61
240.1	 95.8	98	62
240.8	 95.2	99	64
241.4	 97.1	98	64
242.0	 96.5	98	66
242.6	 95.5	104	67
243.3	 92.3	106	69
243.9	 93.5	103	66
244.6	 94.6	97	64
245.2	 95.5	94	60
245.8	 88.8	94	63
246.5	 86.0	103	60
247.2	 85.0	107	62
247.9	 83.8	107	62
248.6	 83.8	104	62
249.3	 87.0	96	60
250.0	 90.1	89	59
250.7	 90.4	90	58
251.3	 93.2	92	58
252.0	 93.8	93	60
252.6	 97.4	91	60
253.2	 96.5	93	62
253.9	 97.7	98	63
254.5	 97.7	99	66
255.1	 97.4	99	66
255.7	 94.9	101	68
256.3	 92.3	106	68
257.0	 89.0	107	69
257.7	 89.3	103	67
258.3	 90.4	99	66
259.0	 89.3	101	65
259.7	 87.7	103	64
260.4	 86.5	100	64
261.1	 89.3	94	61
261.7	 89.8	91	60
262.4	 92.9	92	59
263.0	 94.3	94	60
263.7	 94.9	93	60
264.3	 96.2	92	61
264.9	 93.8	94	62
265.6	 91.7	99	62
266.2	 90.1	100	64
266.9	 90.4	97	63
267.6	 91.5	94	62
268.2	 89.6	96	63
268.9	 91.5	100	63
269.5	 91.7	100	64
270.2	 94.0	98	64
270.8	 91.7	99	65
271.5	 90.9	105	66
272.1	 91.5	107	68
272.8	 92.3	104	68
273.4	 94.3	99	66
274.1	 93.8	98	66
274.7	 92.0	102	65
275.4	 92.3	104	66
276.0	 92.3	102	66
276.7	 92.6	99	66
277.3	 92.3	100	66
278.0	 92.0	103	66
278.6	 91.7	101	66
279.3	 93.2	97	64
279.9	 89.6	95	64
280.6	 91.2	99	63
281.3	 89.6	99	64
281.9	 90.4	97	63
282.6	 92.6	93	62
283.2	 92.6	94	62
283.9	 92.9	98	63
284.5	 91.2	99	64
285.2	 94.0	96	63
285.8	 93.2	94	64
286.5	 92.3	98	64
287.1	 91.2	100	65
287.8	 90.1	98	64
288.4	 94.0	93	63
289.1	 91.7	92	63
289.7	 90.4	96	62
290.4	 90.1	97	63
291.1	 91.7	93	62
291.7	 94.0	89	61
292.4	 92.9	89	61
293.0	 92.0	93	61
293.7	 91.2	94	62
294.3	 92.3	91	61
295.0	 92.9	88	61
295.6	 92.6	91	60
296.3	 92.0	94	61
296.9	 92.9	93	62
297.6	 95.2	90	61
298.2	 94.0	90	62
298.8	 93.2	95	62
