  0.6	 88.5	124	68	  1.2	 8.70
  1.3	 89.3	120	70	  3.8	 8.65
  2.0	 92.9	115	70	  6.3	 9.82
  2.6	 89.3	115	69	  8.6	10.27
  3.3	 89.3	120	68	 10.9	10.35
  4.0	 90.4	119	70	 13.5	 8.08
  4.6	 92.0	114	70	 15.6	 9.91
  5.3	 89.8	117	68	 18.4	 9.52
  6.0	 89.3	120	69	 21.2	 9.69
  6.6	 93.8	118	70	 24.1	 7.57
  7.3	 91.5	113	71	 27.3	 8.03
  7.9	 90.4	119	68	 30.0	 9.06
  8.6	 89.8	119	70	 32.4	 9.43
  9.3	 93.5	115	70	 34.8	 8.63
  9.9	 88.5	115	69	 37.5	 7.61
 10.6	 88.0	118	68	 40.4	 7.58
 11.3	 91.5	116	69	 43.1	 7.05
 11.9	 89.6	111	70	 46.0	 7.53
 12.6	 89.0	115	67	 49.3	 8.68
 13.3	 88.5	115	68	 51.6	 8.31
 13.9	 92.6	111	68	 54.5	 7.56
 14.6	 88.2	110	68	 58.2	 9.11
 15.3	 88.8	114	67	 60.8	 9.04
 15.9	 92.3	113	68	 63.6	 8.75
 16.6	 92.6	109	69	 66.5	 9.97
 17.2	 89.0	112	67	 69.1	14.35
 17.9	 88.5	116	68	 73.5	10.16
 18.6	 89.6	115	70	 76.1	 9.50
 19.3	 91.5	110	69	 78.8	 9.68
 19.9	 87.5	112	68	 81.5	 7.62
 20.6	 86.2	116	69	 84.7	 8.34
 21.3	 88.0	116	69	 88.0	 8.74
 22.0	 91.2	110	70	 90.8	 9.66
 22.6	 88.0	110	68	 93.5	 7.67
 23.3	 87.7	116	68	 96.3	11.57
 24.0	 86.0	116	70	 98.7	 9.61
 24.7	 90.4	113	69	101.3	 9.82
 25.4	 86.5	111	70	104.0	 9.71
 26.1	 86.7	117	68	106.7	10.30
 26.8	 85.2	116	70	109.2	 9.03
 27.5	 86.7	114	69	111.6	 7.71
 28.2	 89.8	110	69	114.1	 8.31
 28.8	 86.2	112	68	116.9	 9.48
 29.5	 86.0	115	68	119.1	 9.12
 30.2	 88.5	115	69	122.3	10.18
 30.9	 88.2	109	70	124.8	10.49
 31.6	 87.2	114	67	127.4	11.15
 32.3	 86.7	114	69	129.8	11.00
 33.0	 91.5	111	69	132.3	 9.62
 33.6	 87.5	109	69	134.7	11.23
 34.3	 87.7	115	67	137.2	10.48
 35.0	 89.3	115	70	139.8	10.88
 35.7	 89.0	110	70	143.0	12.30
 36.3	 86.5	114	69	145.7	11.04
 37.0	 86.2	116	70	148.2	 9.97
 37.7	 85.5	115	70	151.2	10.24
 38.4	 90.1	110	70	153.3	12.15
 39.1	 85.0	111	69	155.2	10.45
 39.8	 84.0	114	68	157.9	10.27
 40.5	 86.0	113	69	159.9	10.38
 41.2	 88.8	108	68	162.6	11.19
 41.9	 85.7	110	67	165.2	11.50
 42.6	 85.0	113	68	167.3	 9.34
 43.3	 86.0	112	68	169.3	 9.69
 44.0	 89.0	107	68	171.7	 9.89
 44.7	 86.2	109	67	173.8	10.60
 45.4	 85.0	112	67	175.8	11.05
 46.1	 87.0	111	68	178.3	14.61
 46.8	 91.7	107	68	181.2	12.55
 47.4	 87.2	108	68	183.7	12.74
 48.1	 87.7	114	67	186.6	11.85
 48.8	 86.2	114	69	189.3	11.89
 49.5	 88.5	113	69	191.5	10.67
 50.2	 89.3	107	69	193.6	 9.95
 50.8	 87.7	112	67	196.0	11.73
 51.5	 87.0	112	69	198.5	12.46
 52.2	 91.5	111	68	200.8	10.84
 52.9	 89.3	107	69	202.5	11.32
 53.5	 88.2	114	67	204.0	12.78
 54.2	 86.7	115	70	206.2	11.60
 54.9	 88.8	113	70	208.3	12.16
 55.6	 92.0	109	70	210.5	13.14
 56.2	 88.0	111	68	212.6	14.17
 56.9	 88.0	117	69	215.0	13.20
 57.6	 85.7	117	70	217.4	10.48
 58.3	 88.0	115	69	219.6	10.85
 59.0	 92.9	110	70	221.8	12.08
 59.6	 88.5	111	69	224.0	13.26
 60.3	 89.6	118	69	226.3	10.04
 61.0	 90.6	118	71	228.9	10.94
 61.6	 94.0	114	72	230.9	11.72
 62.3	 90.1	116	71	233.2	12.69
 62.9	 89.0	121	71	235.4	12.27
 63.6	 87.5	119	72	237.7	10.94
 64.3	 91.5	116	71	240.0	12.25
 64.9	 88.5	111	71	242.6	12.05
 65.6	 88.8	118	68	245.4	12.72
 66.3	 86.5	116	70	247.8	12.22
 67.0	 90.1	113	69	250.3	11.47
 67.7	 89.8	108	69	252.7	10.69
 68.3	 88.8	115	67	255.1	11.62
 69.0	 87.5	115	69	257.7	11.51
 69.7	 92.9	112	70	260.0	11.13
 70.3	 97.4	110	70	262.1	13.09
 71.0	 96.5	114	71	264.1	11.78
 71.6	 92.9	120	73	266.4	12.71
 72.2	 88.0	123	74	268.8	13.37
 72.9	 83.1	125	74	270.8	13.30
 73.6	 84.0	124	73	273.1	12.56
 74.3	 86.0	117	73	275.2	12.41
 75.0	 82.6	119	71	277.4	13.64
 75.8	 80.6	120	71	279.5	12.41
 76.5	 84.0	117	70	281.5	12.49
 77.2	 85.0	112	70	283.7	12.92
 77.9	 84.3	117	68	285.7	11.80
 78.6	 82.9	117	70	288.0	12.44
 79.4	 88.0	114	69	290.4	10.47
 80.0	 85.5	109	70	292.7	13.60
 80.7	 85.7	116	67	294.9	12.97
 81.4	 84.7	116	70
 82.2	 90.1	112	69
 82.8	 84.5	111	69
 83.5	 85.0	117	68
 84.2	 83.6	115	70
 85.0	 86.5	112	68
 85.7	 89.6	106	68
 86.3	 85.7	109	67
 87.0	 85.0	114	67
 87.7	 84.0	114	68
 88.4	 86.5	111	67
 89.1	 87.7	105	67
 89.8	 86.0	110	66
 90.5	 85.5	112	67
 91.2	 88.5	110	68
 91.9	 88.8	106	68
 92.6	 86.0	111	67
 93.3	 85.2	114	69
 94.0	 86.2	113	70
 94.7	 86.7	108	70
 95.4	 84.0	112	68
 96.1	 82.9	113	68
 96.8	 87.7	110	68
 97.5	 85.7	105	68
 98.2	 85.2	110	66
 98.9	 86.2	111	67
 99.6	 88.8	107	68
100.3	 85.2	107	67
101.0	 84.7	111	66
101.7	 86.7	111	68
102.4	 89.6	105	68
103.0	 86.0	107	66
103.7	 85.5	112	66
104.4	 88.8	110	68
105.1	 89.3	106	68
105.8	 87.0	111	67
106.5	 86.0	113	68
107.2	 89.8	111	69
107.8	 88.5	107	69
108.5	 86.2	112	67
109.2	 86.7	113	68
109.9	 89.6	109	69
110.6	 86.2	110	68
111.3	 86.0	113	68
112.0	 87.7	112	69
112.7	 88.8	107	69
113.3	 87.2	110	67
114.0	 87.5	109	68
114.7	 90.9	108	67
115.4	 90.6	104	68
116.0	 89.6	109	66
116.7	 88.2	111	69
117.4	 91.7	110	69
118.0	 88.5	106	69
118.7	 88.5	112	67
119.4	 87.2	112	70
120.1	 92.0	109	69
120.7	 89.0	108	70
121.4	 87.0	116	70
122.1	 84.5	117	72
122.8	 88.0	116	72
123.5	 86.0	112	73
124.2	 84.3	118	71
124.9	 85.0	118	72
125.6	 90.1	113	72
126.3	 84.5	114	72
127.0	 83.8	119	71
127.7	 87.2	118	72
128.4	 85.2	112	73
129.1	 84.0	117	70
129.8	 83.1	117	71
130.5	 89.0	112	70
131.2	 85.2	112	71
131.9	 84.5	117	70
132.6	 87.0	117	71
133.3	 85.2	112	72
134.0	 83.6	117	70
134.7	 83.8	117	72
135.4	 88.2	113	71
136.1	 84.3	114	72
136.8	 83.8	119	71
137.5	 86.2	118	72
138.2	 86.5	113	73
138.9	 82.9	117	71
139.7	 82.0	119	71
140.4	 87.7	115	71
141.1	 87.0	112	72
141.8	 83.8	118	70
142.5	 82.0	120	72
143.2	 85.2	116	70
143.9	 89.3	111	70
144.6	 86.2	113	69
145.3	 85.2	115	69
146.0	 87.7	114	70
146.7	 91.5	109	70
147.3	 87.5	113	69
148.0	 86.2	117	70
148.7	 90.1	115	71
149.4	 89.8	111	71
150.0	 86.7	116	69
150.7	 85.2	118	71
151.4	 88.8	116	71
152.1	 85.7	111	71
152.8	 85.7	115	68
153.5	 89.6	115	70
154.2	 86.7	110	70
154.9	 85.7	115	68
155.6	 88.2	114	69
156.3	 90.1	109	69
156.9	 85.5	113	68
157.6	 85.0	116	69
158.3	 89.3	115	70
159.0	 86.0	111	70
159.7	 86.2	116	69
160.4	 90.4	115	71
161.1	 89.3	112	71
161.7	 87.2	118	70
162.4	 86.5	119	72
163.1	 90.9	117	72
163.8	 90.6	115	73
164.4	 86.7	120	72
165.1	 84.7	122	73
165.8	 89.3	118	73
166.5	 84.3	118	72
167.2	 83.8	120	72
167.9	 87.0	116	71
168.6	 83.8	117	71
169.3	 84.5	116	70
170.1	 89.0	112	70
170.7	 85.7	114	70
171.4	 85.0	116	70
172.1	 89.0	115	70
172.8	 85.5	112	71
173.5	 85.5	117	69
174.2	 88.8	116	70
174.9	 85.5	113	71
175.6	 85.0	117	69
176.3	 89.6	116	71
177.0	 86.7	112	72
177.7	 85.5	118	70
178.4	 84.5	118	72
179.1	 91.7	114	71
179.7	 90.1	113	72
180.4	 86.7	121	72
181.1	 85.2	123	74
181.8	 90.4	120	73
182.4	 86.0	118	74
183.1	 84.5	122	72
183.9	 87.2	121	73
184.5	 91.5	115	73
185.2	 85.5	117	72
185.9	 85.2	121	71
186.6	 84.5	119	71
187.3	 91.5	114	70
188.0	 86.5	114	70
188.7	 85.7	119	69
189.4	 86.0	118	70
190.1	 88.8	112	69
190.7	 85.5	115	68
191.4	 85.7	115	69
192.1	 88.2	111	68
192.8	 84.7	114	67
193.5	 83.8	114	68
194.2	 89.3	111	67
194.9	 86.0	109	67
195.6	 86.0	114	66
196.3	 89.0	114	68
197.0	 90.9	110	68
197.6	 86.2	113	68
198.3	 86.0	118	68
199.0	 89.8	116	70
199.7	 87.0	113	71
200.4	 86.0	119	69
201.1	 89.3	117	70
201.8	 85.0	116	70
202.5	 86.0	117	69
203.2	 85.0	113	70
203.9	 84.5	116	68
204.6	 89.6	114	69
205.3	 85.2	112	69
206.0	 85.5	117	67
206.7	 90.4	116	70
207.3	 85.5	115	70
208.0	 84.7	120	69
208.7	 89.6	119	71
209.4	 85.5	116	72
210.1	 85.0	122	71
210.8	 87.7	121	72
211.5	 85.5	117	73
212.2	 84.0	122	71
212.9	 88.2	121	72
213.6	 89.0	115	73
214.3	 86.0	121	71
215.0	 84.7	123	72
215.7	 91.2	119	72
216.3	 86.2	119	73
217.0	 84.5	125	72
217.7	 87.0	123	73
218.4	 82.9	119	73
219.2	 81.5	123	71
219.9	 84.3	122	72
220.6	 82.4	116	72
221.3	 82.0	120	69
222.1	 85.7	119	69
222.8	 85.5	113	70
223.5	 85.0	119	68
224.2	 86.7	119	70
224.9	 89.3	114	70
225.5	 85.7	119	69
226.2	 84.0	120	71
226.9	 89.6	117	70
227.6	 84.0	118	71
228.3	 82.9	120	70
229.1	 85.5	119	70
229.8	 83.8	113	70
230.5	 83.1	117	68
231.2	 86.2	117	69
231.9	 85.5	111	69
232.6	 85.2	117	67
233.3	 87.2	118	70
234.0	 89.3	113	71
234.7	 85.5	118	69
235.4	 85.5	119	71
236.1	 91.2	116	70
236.7	 85.0	116	70
237.4	 84.7	121	69
238.1	 89.0	119	70
238.8	 84.7	115	71
239.5	 84.0	119	68
240.2	 88.0	118	69
240.9	 90.4	112	70
241.6	 86.5	116	68
242.3	 85.5	119	69
243.0	 89.6	117	69
243.6	 91.5	112	70
244.3	 87.2	117	68
245.0	 85.7	120	70
245.7	 89.0	119	70
246.4	 89.3	113	70
247.0	 87.2	118	68
247.7	 85.2	119	70
248.4	 91.5	116	69
249.1	 86.2	114	70
249.8	 86.7	119	68
250.5	 86.2	119	70
251.2	 92.0	115	69
251.8	 87.7	117	69
252.5	 87.2	119	70
253.2	 92.6	117	70
253.8	 87.2	116	71
254.5	 87.5	121	69
255.2	 88.8	120	70
255.9	 92.9	115	70
256.5	 87.7	118	70
257.2	 87.0	121	70
257.9	 87.7	119	70
258.6	 88.5	114	70
259.3	 86.7	119	68
260.0	 85.5	118	69
260.7	 89.6	115	68
261.3	 85.5	117	69
262.0	 85.7	120	70
262.7	 90.4	115	70
263.4	 85.2	119	70
264.1	 84.3	121	70
264.8	 90.1	118	70
265.5	 84.5	118	70
266.2	 83.6	122	69
266.9	 89.0	119	70
267.6	 85.5	115	70
268.3	 86.0	121	68
269.0	 88.8	120	70
269.7	 87.2	114	70
270.3	 86.7	120	68
271.0	 90.1	118	70
271.7	 90.4	113	70
272.4	 88.5	119	68
273.0	 88.0	119	70
273.7	 92.6	115	69
274.4	 87.7	117	69
275.1	 87.7	119	69
275.7	 91.7	118	70
276.4	 88.0	115	70
277.1	 86.7	121	69
277.8	 92.0	119	70
278.4	 87.7	115	71
279.1	 87.5	121	68
279.8	 90.4	119	70
280.5	 87.2	115	70
281.1	 86.0	120	68
281.8	 89.0	119	69
282.5	 88.5	114	70
283.2	 87.2	119	68
283.9	 89.0	119	69
284.6	 88.0	113	69
285.2	 87.0	118	67
285.9	 90.1	117	68
286.6	 90.4	112	68
287.3	 88.5	116	67
287.9	 89.0	118	68
288.6	 93.8	115	69
289.3	 89.3	115	69
289.9	 87.7	122	69
290.6	 88.5	122	71
291.3	 86.7	117	72
292.0	 85.0	122	70
292.7	 83.3	120	71
293.4	 89.8	117	70
294.1	 85.7	115	70
294.8	 85.5	120	68
295.5	 89.3	118	70
296.1	 94.3	113	70
296.8	 91.7	116	70
297.4	 88.0	124	71
298.1	 84.3	125	73
298.8	 88.0	123	72
