  0.3	108.7	126	78	  9.6	10.22
  0.9	109.5	129	80	 19.7	12.05
  1.4	111.9	141	85	 29.3	 9.86
  2.0	110.7	149	90	 39.7	10.38
  2.5	106.8	159	93	 49.7	10.52
  3.1	 98.0	165	95	 59.9	11.06
  3.7	 89.6	169	93	 69.7	11.95
  4.3	 86.2	163	89	 79.9	10.89
  5.0	 83.1	152	85	 90.0	11.36
  5.8	 88.5	145	79	 99.9	11.47
  6.4	 90.6	141	78	109.8	11.20
  7.1	 93.5	137	76
  7.7	 94.3	133	76
  8.4	 97.1	131	75
  9.0	100.3	129	77
  9.6	102.0	130	78
 10.2	105.3	132	79
 10.8	107.5	134	82
 11.3	108.7	143	85
 11.9	108.7	149	88
 12.4	105.6	154	90
 13.0	102.0	157	90
 13.6	 97.7	155	89
 14.2	 94.3	149	86
 14.8	 89.8	139	82
 15.5	 91.2	132	77
 16.1	 94.3	130	74
 16.8	 97.1	129	74
 17.4	 99.0	128	75
 18.0	101.4	129	77
 18.6	104.5	130	80
 19.2	106.4	132	82
 19.7	107.5	134	83
 20.3	109.1	138	85
 20.8	109.1	143	88
 21.4	109.5	154	92
 21.9	106.4	160	96
 22.5	 98.4	168	97
 23.1	 94.9	171	95
 23.8	 90.9	163	92
 24.4	 85.7	153	87
 25.1	 87.5	141	81
 25.8	 87.5	135	77
 26.5	 91.2	133	74
 27.1	 95.2	129	74
 27.8	 99.0	127	74
 28.4	101.7	128	77
 29.0	103.1	133	80
 29.5	106.4	137	83
 30.1	107.9	137	85
 30.7	108.3	145	87
 31.2	107.9	153	90
 31.8	103.4	158	92
 32.4	 99.7	162	91
 33.0	 96.5	158	89
 33.6	 94.6	151	86
 34.2	 90.1	139	82
 34.9	 89.6	128	76
 35.6	 91.7	120	71
 36.2	 97.4	120	69
 36.8	 99.7	121	71
 37.4	101.0	123	73
 38.0	102.4	125	76
 38.6	104.5	127	78
 39.2	106.8	129	80
 39.7	107.5	133	82
 40.3	107.9	139	85
 40.9	107.1	145	88
 41.4	106.4	153	90
 42.0	105.3	156	91
 42.5	104.2	157	91
 43.1	102.4	153	89
 43.7	101.0	148	87
 44.3	 99.7	140	84
 44.9	 96.8	129	80
 45.5	 98.0	123	75
 46.1	 98.7	120	72
 46.7	102.7	122	70
 47.3	103.4	121	72
 47.9	107.5	122	73
 48.5	107.1	122	76
 49.0	108.3	126	78
 49.6	109.1	128	80
 50.1	109.9	131	82
 50.7	109.9	134	84
 51.2	110.3	142	85
 51.8	109.5	150	89
 52.3	105.6	154	92
 52.9	100.3	158	91
 53.5	 96.5	156	89
 54.1	 95.2	147	85
 54.7	 91.7	134	81
 55.4	 93.5	126	75
 56.0	 95.5	120	72
 56.7	100.7	121	70
 57.3	103.8	121	71
 57.8	105.3	123	74
 58.4	107.5	127	77
 59.0	107.9	130	81
 59.5	108.3	134	83
 60.1	108.7	138	84
 60.6	108.7	138	86
 61.2	108.7	146	87
 61.7	107.1	151	89
 62.3	106.0	154	90
 62.9	102.0	154	89
 63.4	101.4	152	87
 64.0	 99.0	143	85
 64.6	 99.0	135	81
 65.2	 98.7	124	77
 65.9	101.7	120	72
 66.4	102.7	119	71
 67.0	106.0	119	71
 67.6	107.1	118	73
 68.2	108.7	118	74
 68.7	109.9	119	75
 69.3	110.7	122	77
 69.8	112.4	126	79
 70.3	113.2	130	82
 70.9	113.2	137	85
 71.4	111.5	146	88
 71.9	110.3	152	90
 72.5	106.0	154	91
 73.0	102.4	153	89
 73.6	 98.7	148	87
 74.2	 98.7	138	83
 74.8	 95.5	122	79
 75.5	 96.5	115	72
 76.1	 99.0	108	69
 76.7	104.2	110	67
 77.3	105.6	115	69
 77.8	107.5	122	73
 78.4	108.3	125	77
 78.9	109.1	127	79
 79.5	109.9	129	81
 80.0	109.9	131	82
 80.6	109.9	131	84
 81.1	111.1	137	83
 81.7	111.5	142	86
 82.2	109.9	146	88
 82.8	106.0	149	89
 83.3	102.7	148	89
 83.9	 97.1	142	86
 84.5	 96.2	130	81
 85.2	 94.9	117	76
 85.8	 98.4	111	70
 86.4	 99.7	111	68
 87.0	102.4	116	69
 87.6	104.2	118	72
 88.2	108.3	121	75
 88.7	109.5	122	78
 89.3	110.3	126	80
 89.8	111.9	127	81
 90.3	112.4	129	83
 90.9	112.8	133	85
 91.4	113.2	140	86
 91.9	112.8	146	88
 92.5	108.7	149	90
 93.0	105.6	151	89
 93.6	100.7	148	87
 94.2	 98.4	142	83
 94.8	 94.3	129	79
 95.4	 95.8	121	74
 96.1	 97.1	116	71
 96.7	100.0	117	69
 97.3	103.4	117	70
 97.9	104.9	116	71
 98.4	107.1	117	73
 99.0	109.1	118	75
 99.5	110.3	122	77
100.1	111.1	125	79
100.6	111.5	127	81
101.2	112.4	135	83
101.7	112.8	143	87
102.2	110.3	149	91
102.8	106.0	153	92
103.3	102.4	153	91
103.9	 97.7	147	88
104.5	 93.8	136	83
105.2	 91.2	125	78
105.8	 94.6	117	72
106.5	 95.2	116	70
107.1	 98.0	118	69
107.7	100.0	119	71
108.3	103.4	120	73
108.9	105.3	121	75
109.5	106.8	122	76
110.0	109.5	124	77
110.6	109.1	124	79
111.1	110.3	131	80
111.7	110.7	136	83
112.2	110.3	139	85
112.7	107.1	138	85
113.3	105.6	136	84
113.9	103.4	130	82
114.5	100.0	123	79
115.1	 97.7	115	75
115.7	 99.0	110	70
116.3	102.0	111	68
116.9	103.8	113	69
117.4	105.6	115	71
118.0	106.8	117	74
118.6	106.8	121	76
119.1	109.1	125	79
119.7	110.3	129	82
120.2	109.1	134	85
120.8	107.9	143	88
121.3	106.8	153	92
121.9	106.0	159	94
122.5	100.0	158	94
123.1	102.4	159	92
123.6	 99.7	145	90
124.3	 95.2	138	85
124.9	 95.8	128	79
125.5	 97.1	121	75
126.1	100.0	122	73
126.7	101.7	122	73
127.3	107.1	123	74
127.9	108.7	122	77
128.4	109.5	125	79
