  0.5	 76.1	113	76	  0.6	14.69
  1.3	 76.3	105	73	  3.3	15.36
  2.1	 75.2	103	71	  6.0	14.17
  2.9	 75.8	102	69	  8.7	14.24
  3.7	 77.1	95	66	 11.3	14.63
  4.4	 77.9	92	65	 13.9	14.88
  5.2	 78.7	96	65	 16.5	15.10
  6.0	 79.2	97	67	 19.2	12.90
  6.7	 80.4	95	67	 24.0	18.39
  7.5	 80.6	98	68	 26.9	13.10
  8.2	 80.9	104	70	 29.6	13.62
  9.0	 81.3	103	70	 32.3	13.43
  9.7	 81.3	102	72	 35.0	13.84
 10.4	 80.2	107	72	 37.8	13.30
 11.2	 79.8	110	74	 40.5	16.08
 11.9	 78.7	106	73	 42.9	16.98
 12.7	 76.9	106	71	 45.4	15.53
 13.5	 75.9	108	71	 48.0	12.38
 14.3	 75.9	101	69	 50.6	13.19
 15.1	 76.1	98	68	 53.2	10.38
 15.8	 76.5	100	66	 56.2	13.61
 16.6	 77.5	99	67	 58.7	17.18
 17.4	 77.9	96	67	 61.3	15.38
 18.2	 78.1	99	68	 64.0	15.90
 18.9	 77.9	104	70	 66.6	16.05
 19.7	 79.4	100	70	 69.3	17.81
 20.5	 78.9	103	73	 71.9	15.42
 21.2	 78.7	109	72	 74.6	16.12
 22.0	 79.4	108	76	 77.3	15.31
 22.7	 81.3	104	74	 79.8	13.94
 23.5	 82.9	104	74	 82.2	13.17
 24.2	 83.6	99	71	 84.8	13.15
 24.9	 84.3	95	69	 87.3	14.56
 25.6	 84.5	97	68	 90.0	13.62
 26.3	 84.3	100	68	 92.5	24.51
 27.1	 84.0	99	69	 95.2	19.39
 27.8	 83.8	97	69	 97.7	15.23
 28.5	 83.3	102	71	100.2	13.97
 29.2	 82.9	106	73	103.1	14.48
 29.9	 82.2	103	73	105.7	13.98
 30.7	 81.5	103	73	108.3	14.19
 31.4	 80.4	109	73	110.8	14.35
 32.1	 78.5	111	76	113.3	14.66
 32.9	 77.9	106	74	115.8	16.31
 33.7	 76.5	105	72	118.3	12.72
 34.5	 76.5	107	72	120.9	14.15
 35.2	 76.9	101	69	123.5	14.14
 36.0	 78.1	96	67	126.0	13.69
 36.8	 78.5	98	66	128.6	14.00
 37.6	 79.2	100	68	131.1	13.78
 38.3	 80.0	97	68	133.7	14.52
 39.1	 80.2	98	69	136.3	13.97
 39.8	 80.2	105	71	139.0	14.76
 40.6	 80.0	107	73	141.5	14.95
 41.3	 79.2	104	74	144.0	13.98
 42.1	 78.1	109	75	146.6	14.25
 42.8	 76.9	111	77	149.2	15.51
 43.6	 76.5	108	74	151.8	13.93
 44.4	 75.4	108	74	154.6	12.74
 45.2	 74.8	106	73	157.2	13.21
 46.0	 75.6	100	69	159.9	13.77
 46.8	 75.0	99	68	162.5	30.55
 47.6	 75.4	97	67	167.8	11.77
 48.4	 76.9	90	65	170.6	10.64
 49.2	 76.9	89	64	173.2	10.12
 49.9	 77.7	92	64	175.7	12.73
 50.7	 78.7	90	64	178.4	11.78
 51.5	 79.4	88	64	180.8	14.54
 52.2	 79.2	91	65	183.4	13.97
 53.0	 79.2	94	67	186.2	14.57
 53.8	 79.6	93	67	188.9	14.10
 54.5	 78.5	96	69	191.6	13.33
 55.3	 77.3	100	70	194.3	14.99
 56.0	 75.4	99	70	196.8	14.31
 56.8	 75.2	95	69	199.5	13.07
 57.6	 74.8	97	69	202.2	12.78
 58.4	 74.6	101	70	204.8	13.12
 59.2	 75.9	98	68	207.3	12.54
 60.0	 76.3	100	70	209.7	14.35
 60.8	 76.1	105	72	212.2	15.04
 61.6	 77.1	103	72	214.7	15.20
 62.4	 76.9	102	73	217.1	14.62
 63.2	 76.7	105	72	219.6	12.95
 64.0	 76.7	106	73	222.3	14.09
 64.7	 77.5	103	73	224.8	14.87
 65.5	 77.1	104	73	227.1	13.59
 66.3	 77.1	107	73	229.8	28.12
 67.1	 77.9	102	72	233.3	16.85
 67.8	 78.5	102	72	235.5	15.38
 68.6	 78.3	106	72	238.2	14.19
 69.4	 79.2	102	72	240.9	11.71
 70.1	 80.2	99	72	243.7	 7.82
 70.9	 80.4	104	72	245.7	13.73
 71.6	 80.9	105	74	247.9	13.93
 72.4	 80.6	102	73	250.6	14.65
 73.1	 81.1	102	74	253.2	15.70
 73.8	 80.0	108	75	255.8	14.29
 74.6	 79.2	106	76	258.3	13.85
 75.3	 79.8	102	73	260.8	16.20
 76.1	 79.2	102	72	263.5	17.03
 76.9	 78.5	104	72	266.1	17.03
 77.6	 79.2	100	71	268.7	14.98
 78.4	 79.4	97	70	271.3	15.07
 79.1	 79.2	101	69	274.0	16.43
 79.9	 79.4	100	70	276.8	15.06
 80.7	 79.4	98	70	279.4	14.79
 81.4	 79.2	102	70	282.0	15.48
 82.2	 78.7	104	73	284.5	15.06
 82.9	 78.5	102	73	287.1	14.43
 83.7	 77.5	105	73	290.9	14.40
 84.5	 76.7	108	74	293.6	14.52
 85.2	 75.9	104	73	296.0	14.80
 86.0	 75.4	103	72
 86.8	 75.0	105	70
 87.6	 75.8	101	70
 88.4	 76.3	99	70
 89.2	 76.3	103	69
 90.0	 76.5	102	71
 90.8	 76.9	99	71
 91.6	 76.9	102	70
 92.3	 77.9	107	75
 93.1	 79.6	99	70
 93.9	 80.2	105	71
 94.6	 80.2	111	74
 95.4	 79.6	110	73
 96.1	 78.3	108	73
 96.9	 76.9	107	72
 97.7	 76.3	101	70
 98.4	 76.1	93	66
 99.2	 76.1	91	64
100.0	 77.1	88	62
100.8	 78.5	83	60
101.6	 79.4	83	60
102.3	 80.6	87	61
103.1	 81.1	89	64
103.8	 82.0	88	65
104.5	 82.0	92	67
105.3	 81.7	98	70
106.0	 82.2	98	71
106.7	 81.1	99	73
107.5	 80.2	105	74
108.2	 79.8	106	75
109.0	 78.9	101	73
109.7	 77.9	102	72
110.5	 77.3	104	72
111.3	 77.1	97	69
112.1	 77.1	97	68
112.8	 76.9	99	68
113.6	 77.9	95	67
114.4	 78.5	93	67
115.1	 78.5	98	68
115.9	 79.6	99	69
116.7	 79.8	98	70
117.4	 80.0	103	72
118.2	 79.8	106	75
118.9	 78.3	105	76
119.7	 76.9	107	76
120.5	 75.6	110	75
121.3	 75.8	104	73
122.1	 76.1	101	71
122.8	 75.6	103	69
123.6	 76.3	100	68
124.4	 77.3	95	67
125.2	 77.7	98	68
126.0	 78.9	99	69
126.7	 79.4	98	70
127.5	 80.0	102	71
128.2	 79.2	105	73
129.0	 79.4	102	73
129.7	 78.9	101	72
130.5	 77.9	105	72
131.3	 78.3	103	71
132.0	 78.3	99	71
132.8	 78.1	102	70
133.6	 78.1	102	71
134.3	 78.3	98	70
135.1	 77.9	98	69
135.9	 77.9	101	69
136.7	 78.3	97	68
137.4	 78.1	96	68
138.2	 78.3	100	68
139.0	 78.3	100	70
139.7	 78.5	96	69
140.5	 78.3	98	69
141.2	 77.9	100	70
142.0	 78.3	96	69
142.8	 78.1	98	69
143.6	 78.3	102	71
144.3	 78.3	99	70
145.1	 78.1	98	70
145.9	 77.1	102	70
146.6	 76.3	102	71
147.4	 75.4	96	69
148.2	 75.4	98	68
149.0	 75.6	100	68
149.8	 76.5	95	68
150.6	 76.5	97	68
151.4	 76.7	102	69
152.2	 77.1	100	71
152.9	 77.1	101	72
153.7	 76.1	106	73
154.5	 75.2	106	74
155.3	 75.2	102	73
156.1	 74.8	103	71
156.9	 74.8	104	71
157.7	 75.0	98	70
158.5	 75.0	98	68
159.3	 75.9	101	68
160.1	 76.5	99	68
160.9	 76.5	95	68
161.7	 76.1	99	68
162.4	 77.1	98	69
163.2	 79.8	95	67
164.0	 81.7	94	67
164.7	 79.6	97	74
165.5	 77.7	99	71
166.2	 76.5	106	71
167.0	 75.2	111	74
167.8	 74.4	109	75
168.6	 74.8	103	73
169.4	 74.3	103	72
170.2	 75.0	102	71
171.0	 76.1	97	70
171.8	 77.1	96	70
172.6	 77.9	99	71
173.4	 78.5	99	71
174.1	 78.5	98	73
174.9	 78.5	101	73
175.7	 78.1	101	74
176.4	 78.1	98	73
177.2	 78.1	101	72
178.0	 77.3	102	74
178.7	 78.5	98	71
179.5	 78.5	98	72
180.3	 78.9	101	72
181.0	 79.4	99	71
181.8	 79.8	96	71
182.5	 80.2	101	71
183.3	 80.6	102	72
184.0	 81.3	99	72
184.8	 81.1	102	73
185.5	 80.9	108	74
186.2	 80.2	107	75
187.0	 79.8	103	73
187.7	 79.2	105	73
188.5	 78.9	107	74
189.3	 79.2	102	72
190.0	 79.2	100	71
190.8	 79.2	103	70
191.5	 79.8	101	70
192.3	 80.2	95	69
193.0	 80.4	96	68
193.8	 80.6	99	69
194.5	 82.2	96	68
195.3	 82.9	95	69
196.0	 83.1	100	70
196.7	 82.9	102	72
197.4	 83.1	99	72
198.2	 82.2	100	72
198.9	 81.7	104	72
199.6	 80.9	103	72
200.4	 80.4	98	71
201.1	 79.8	99	70
201.9	 79.2	100	70
202.6	 79.6	95	68
203.4	 79.6	94	68
204.1	 79.6	97	67
204.9	 79.8	97	68
205.6	 80.4	93	68
206.4	 80.4	96	68
207.1	 80.2	99	69
207.9	 80.6	97	70
208.6	 80.2	100	71
209.4	 79.8	105	72
210.1	 78.9	102	72
210.9	 78.7	100	72
211.6	 78.3	103	71
212.4	 78.5	101	70
213.2	 79.2	97	70
213.9	 79.2	101	70
214.7	 79.8	102	71
215.4	 80.2	99	72
216.2	 80.2	103	72
216.9	 79.8	106	74
217.7	 79.6	103	74
218.4	 79.2	105	74
219.2	 78.5	108	74
220.0	 78.7	105	73
220.7	 78.1	103	73
221.5	 77.5	108	73
222.3	 76.9	106	73
223.0	 77.3	101	72
223.8	 76.9	102	70
224.6	 77.9	103	70
225.4	 78.7	99	70
226.1	 79.6	101	71
226.9	 79.6	106	72
227.6	 80.0	103	72
228.4	 78.9	105	73
229.1	 78.9	109	74
229.9	 78.3	105	73
230.7	 80.6	101	70
231.4	 81.1	102	73
232.2	 81.1	105	72
232.9	 80.4	111	73
233.6	 79.6	110	72
234.4	 77.1	112	72
235.2	 75.4	109	72
236.0	 75.8	100	67
236.8	 75.6	94	65
237.6	 76.3	92	63
238.3	 78.1	87	61
239.1	 79.6	83	59
239.9	 80.4	86	61
240.6	 81.3	88	63
241.3	 82.4	87	63
242.1	 82.2	89	65
242.8	 82.2	96	67
243.5	 81.3	100	71
244.3	 80.0	100	72
245.0	 78.7	102	74
245.8	 77.3	103	72
246.6	 75.8	103	74
247.4	 75.0	103	70
248.2	 75.6	98	68
248.9	 76.3	92	66
249.7	 77.1	93	64
250.5	 78.3	92	65
251.3	 79.4	90	65
252.0	 80.0	94	67
252.8	 80.2	100	70
253.5	 80.9	100	71
254.3	 80.4	102	74
255.0	 79.2	108	75
255.8	 77.7	110	76
256.5	 77.1	104	75
257.3	 75.8	106	73
258.1	 75.8	104	72
258.9	 76.7	97	68
259.7	 77.1	95	67
260.5	 78.3	96	66
261.2	 80.2	91	65
262.0	 81.3	92	66
262.7	 82.0	97	67
263.5	 82.4	98	70
264.2	 82.9	96	70
264.9	 83.6	101	72
265.6	 83.3	108	76
266.3	 82.4	107	76
267.1	 81.1	107	77
267.8	 79.4	110	77
268.6	 77.9	110	77
269.3	 77.7	104	74
270.1	 77.5	103	72
270.9	 77.7	103	70
271.7	 79.2	97	68
272.4	 79.8	94	67
273.2	 80.6	97	67
273.9	 81.3	97	69
274.6	 82.2	93	68
275.4	 83.1	95	69
276.1	 83.6	102	71
276.8	 83.6	104	73
277.5	 82.2	103	75
278.3	 80.9	108	75
279.0	 79.6	111	76
279.8	 78.3	107	75
280.5	 78.1	104	73
281.3	 77.7	105	71
282.1	 78.1	100	69
282.8	 78.9	93	67
283.6	 79.4	94	65
284.4	 80.0	94	66
285.1	 81.1	90	65
285.8	 80.9	93	66
286.6	 80.9	97	67
287.3	 82.2	95	68
288.1	 83.1	95	69
288.8	 84.0	101	71
289.5	 85.7	104	73
290.2	 86.5	106	75
290.9	 86.0	104	76
291.6	 85.0	101	74
292.3	 83.6	103	73
293.0	 82.2	104	72
293.7	 80.6	99	70
294.5	 80.9	93	68
295.2	 80.9	95	66
296.0	 81.1	94	67
296.7	 82.2	91	66
297.4	 82.2	95	67
298.2	 82.0	100	69
