  0.2	 84.0	94	62	  3.3	16.24
  0.9	 86.7	93	63	  6.4	18.81
  1.6	 85.5	97	66	  9.5	18.47
  2.3	 79.6	101	68	 12.7	19.30
  3.0	 75.0	101	66	 15.3	15.47
  3.8	 79.2	96	64	 18.2	15.50
  4.6	 78.7	96	65	 21.6	16.75
  5.4	 71.9	96	64	 24.7	15.45
  6.2	 72.8	92	59	 27.6	16.75
  7.0	 81.5	86	58	 30.6	18.22
  7.7	 85.0	89	60	 33.9	18.15
  8.5	 79.8	92	61	 36.9	17.82
  9.2	 75.6	94	61	 41.0	15.03
 10.0	 83.3	92	60	 44.1	15.55
 10.7	 85.2	93	64	 47.1	16.86
 11.4	 79.6	96	64	 50.3	15.47
 12.2	 80.2	96	63	 53.1	17.42
 12.9	 85.0	95	62	 56.3	16.17
 13.6	 87.7	96	65	 59.2	18.30
 14.3	 79.2	100	67	 62.1	18.66
 15.1	 76.5	101	66	 65.0	18.67
 15.9	 82.9	96	64	 67.7	16.75
 16.6	 78.9	97	66	 71.0	19.06
 17.3	 70.8	97	63	 73.8	16.70
 18.2	 73.9	93	59	 76.9	17.65
 19.0	 80.4	88	59	 80.0	14.34
 19.7	 80.4	88	60	 82.9	16.64
 20.5	 75.9	90	59	 85.6	16.52
 21.3	 79.2	92	58	 88.4	14.50
 22.0	 86.2	90	60	 91.7	15.67
 22.7	 79.4	91	62	 94.8	16.69
 23.5	 71.4	94	61	 97.7	14.39
 24.3	 76.9	95	59	101.0	14.27
 25.1	 80.0	92	61	104.0	13.82
 25.9	 81.7	92	62	107.0	15.93
 26.6	 79.8	96	63	110.0	13.26
 27.3	 85.5	97	64	113.2	15.51
 28.1	 62.4	95	65	116.3	14.38
 29.0	 78.7	89	58	119.2	15.14
 29.8	 74.8	93	61	122.1	14.55
 30.6	 75.2	93	59	125.0	14.73
 31.4	 81.3	90	60	127.7	14.93
 32.1	 81.5	93	63	130.9	15.34
 32.8	 74.4	96	63	133.9	13.71
 33.7	 72.6	96	61	137.2	13.54
 34.5	 78.9	91	60	140.4	16.06
 35.2	 79.2	93	62	143.5	16.08
 36.0	 77.5	95	61	146.7	13.19
 36.8	 85.2	94	61	150.2	13.19
 37.5	 83.3	95	64	153.3	13.60
 38.2	 72.8	94	63	156.6	16.19
 39.0	 79.2	93	61	159.7	15.12
 39.8	 57.0	95	61	162.9	15.30
 40.8	 74.3	89	52	165.9	14.19
 41.6	 78.9	88	58	169.4	14.51
 42.4	 77.3	93	61	172.8	12.77
 43.2	 72.3	99	64	176.3	13.81
 44.0	 72.1	99	64	179.5	16.09
 44.8	 79.2	96	64	182.3	16.47
 45.6	 73.5	98	66	185.8	14.97
 46.4	 69.3	99	63	189.2	15.75
 47.3	 73.3	95	61	192.5	13.74
 48.1	 80.6	90	61	195.3	13.00
 48.8	 78.1	92	63	198.0	13.68
 49.6	 75.6	94	61	201.0	14.51
 50.4	 79.6	91	60	204.6	15.71
 51.2	 82.0	90	61	207.7	16.50
 51.9	 75.8	92	62	210.7	16.65
 52.7	 74.1	93	61	213.8	14.87
 53.5	 79.4	90	60	216.6	16.82
 54.2	 82.6	89	62	219.5	13.34
 55.0	 78.3	91	63	222.8	14.64
 55.7	 74.1	91	60	225.7	15.07
 56.5	 79.4	87	58	228.8	15.71
 57.3	 82.2	86	60	232.1	15.96
 58.0	 77.3	88	60	235.1	13.61
 58.8	 82.6	89	59	238.6	15.95
 59.5	 76.3	88	61	241.7	15.09
 60.3	 81.1	86	60	244.8	14.73
 61.1	 75.4	91	62	247.8	13.07
 61.9	 75.8	92	61	251.4	14.00
 62.6	 82.0	89	61	253.7	14.82
 63.4	 81.7	89	62	256.8	16.34
 64.1	 76.9	94	63	260.1	13.48
 64.9	 72.3	95	63	263.2	14.14
 65.7	 82.2	92	63	266.4	14.07
 66.5	 77.7	94	66	269.4	14.84
 67.2	 71.4	96	63	272.8	13.21
 68.1	 76.3	92	60	275.7	14.26
 68.9	 80.2	90	62	278.4	13.23
 69.6	 76.1	92	62	281.5	14.61
 70.4	 74.6	92	59	284.8	13.91
 71.2	 78.5	91	59	288.1	14.19
 72.0	 85.0	90	61	291.0	13.60
 72.7	 80.2	93	63	294.3	11.87
 73.4	 79.8	95	61
 74.2	 82.6	95	62
 74.9	 84.5	95	65
 75.6	 79.8	98	66
 76.3	 76.1	99	64
 77.1	 81.1	95	62
 77.9	 84.7	93	63
 78.6	 77.7	95	64
 79.4	 75.9	96	61
 80.1	 78.5	93	60
 80.9	 81.3	90	61
 81.7	 76.9	93	62
 82.4	 76.3	94	60
 83.2	 81.7	92	60
 84.0	 83.1	92	61
 84.7	 77.1	95	63
 85.5	 77.7	97	62
 86.2	 83.8	94	63
 86.9	 82.4	96	65
 87.7	 74.3	98	64
 88.5	 78.7	96	62
 89.2	 83.1	94	63
 90.0	 80.2	96	64
 90.7	 77.7	99	64
 91.5	 76.9	101	65
 92.3	 80.9	98	64
 93.0	 81.3	99	66
 93.7	 73.3	101	66
 94.6	 73.9	100	63
 95.4	 80.2	95	62
 96.1	 80.6	95	63
 96.9	 82.6	97	63
 97.6	 73.0	99	64
 98.4	 82.9	97	63
 99.1	 82.4	99	67
 99.9	 76.1	101	65
100.6	 73.9	102	64
101.5	 77.7	100	64
102.2	 79.2	97	65
103.0	 72.8	97	64
103.8	 74.6	95	60
104.6	 80.4	91	59
105.4	 79.6	91	60
106.1	 74.6	94	60
106.9	 74.4	95	60
107.7	 79.4	92	60
108.5	 79.8	93	62
109.2	 74.6	95	61
110.0	 77.1	93	59
110.8	 80.0	90	60
111.6	 76.9	92	61
112.3	 75.9	93	59
113.1	 77.7	92	59
113.9	 83.1	90	60
114.6	 82.2	93	62
115.4	 76.7	96	62
116.1	 76.9	96	61
116.9	 80.4	93	61
117.7	 80.4	94	62
118.4	 76.7	96	63
119.2	 78.7	95	61
120.0	 84.3	93	61
120.7	 78.7	97	64
121.4	 76.1	100	63
122.2	 78.9	97	62
123.0	 82.9	94	63
123.7	 77.7	95	63
124.5	 78.7	96	61
125.2	 81.1	94	61
126.0	 84.0	92	61
126.7	 77.1	96	63
127.5	 76.3	97	61
128.3	 81.5	94	61
129.0	 82.0	93	62
129.7	 75.6	96	63
130.5	 74.4	95	61
131.3	 79.6	92	60
132.1	 82.9	91	61
132.8	 76.7	95	62
133.6	 77.1	97	61
134.4	 79.4	95	62
135.1	 82.9	95	64
135.8	 75.9	99	65
136.6	 72.5	100	63
137.5	 75.4	96	62
138.3	 80.4	93	63
139.0	 75.9	94	63
139.8	 72.3	96	61
140.6	 77.5	93	60
141.4	 82.2	91	61
142.1	 81.3	94	63
142.9	 74.1	98	63
143.7	 77.9	98	62
144.4	 78.5	98	65
145.2	 70.1	99	66
146.1	 65.8	98	62
147.0	 71.8	92	58
147.8	 82.2	89	59
148.5	 85.2	91	61
149.2	 57.1	94	61
150.3	 74.6	89	52
151.1	 79.6	88	59
151.9	 73.2	91	60
152.7	 74.1	96	60
153.5	 75.2	97	63
154.3	 80.2	95	64
155.0	 78.5	97	65
155.8	 74.1	99	64
156.6	 79.2	98	62
157.4	 88.5	94	63
158.0	 88.8	97	65
158.7	 87.5	99	65
159.4	 83.3	101	65
160.1	 61.0	98	64
161.1	 78.5	94	58
161.9	 76.5	96	62
162.7	 77.9	96	60
163.4	 83.3	95	62
164.1	 84.3	99	66
164.9	 77.5	103	67
165.6	 75.4	104	65
166.4	 79.4	101	65
167.2	 81.7	100	66
167.9	 74.6	102	66
168.7	 72.3	100	63
169.6	 74.4	97	61
170.4	 82.9	92	61
171.1	 86.0	95	62
171.8	 84.7	97	62
172.5	 59.4	98	63
173.5	 80.0	90	54
174.2	 82.0	93	62
175.0	 77.5	97	62
175.8	 75.4	101	63
176.6	 76.3	102	65
177.3	 79.6	99	66
178.1	 72.1	101	66
178.9	 69.1	100	63
179.8	 73.0	96	61
180.6	 78.9	92	61
181.4	 73.0	94	61
182.2	 72.6	95	59
183.0	 79.2	92	60
183.8	 79.8	95	63
184.5	 72.8	98	63
185.4	 71.6	99	61
186.2	 78.1	96	61
187.0	 82.2	95	63
187.7	 78.5	98	64
188.5	 79.4	101	64
189.2	 63.4	102	65
190.2	 78.9	96	60
190.9	 75.0	100	65
191.7	 68.6	100	62
192.6	 70.6	99	60
193.4	 75.9	97	61
194.2	 68.6	98	63
195.1	 66.5	97	59
196.0	 73.5	94	58
196.8	 69.1	95	60
197.7	 68.0	95	57
198.6	 74.3	92	56
199.4	 74.6	93	59
200.2	 70.4	96	60
201.0	 74.3	98	60
201.8	 79.6	96	62
202.6	 78.9	99	64
203.4	 72.5	102	64
204.2	 73.2	103	63
205.0	 81.5	100	63
205.7	 83.1	100	65
206.5	 79.6	102	66
207.2	 56.9	102	64
208.3	 77.3	95	55
209.0	 78.7	96	62
209.8	 74.1	98	61
210.6	 77.3	99	60
211.4	 82.2	99	62
212.1	 82.2	102	65
212.9	 73.7	106	66
213.7	 71.1	107	66
214.5	 76.3	103	65
215.3	 70.9	104	66
216.1	 71.1	101	61
217.0	 78.1	97	60
217.8	 81.1	95	61
218.5	 77.5	98	62
219.3	 80.2	104	63
220.0	 84.3	104	67
220.7	 82.4	107	69
221.5	 75.9	110	69
222.3	 73.9	112	68
223.1	 77.5	109	68
223.8	 79.8	105	68
224.6	 74.4	104	67
225.4	 73.9	103	63
226.2	 79.4	99	61
227.0	 82.0	98	62
227.7	 77.9	100	62
228.5	 77.9	101	60
229.2	 82.9	99	61
230.0	 84.3	99	63
230.7	 81.1	102	64
231.4	 78.9	105	64
232.2	 77.9	105	64
232.9	 79.6	101	64
233.7	 77.7	101	64
234.5	 70.1	102	63
235.3	 74.8	97	59
236.1	 77.7	94	60
236.9	 76.7	95	59
237.7	 74.6	96	58
238.5	 76.1	96	58
239.3	 81.7	93	59
240.0	 81.5	97	61
240.7	 77.1	100	61
241.5	 74.3	100	61
242.3	 79.2	98	61
243.1	 80.0	99	63
243.8	 74.6	100	62
244.6	 76.9	99	60
245.4	 81.3	98	60
246.2	 81.3	101	63
246.9	 77.5	103	63
247.7	 76.5	104	63
248.5	 79.6	102	63
249.2	 80.9	102	64
249.9	 74.6	104	64
250.8	 73.2	103	61
251.6	 77.3	100	59
252.3	 77.7	97	60
253.1	 74.3	98	59
253.9	 77.1	98	58
254.7	 82.4	96	59
255.4	 80.2	100	61
256.2	 75.6	101	60
257.0	 76.5	100	59
257.8	 80.6	98	60
258.5	 77.9	101	61
259.3	 75.0	101	60
260.1	 72.1	100	59
260.9	 80.2	97	58
261.7	 78.5	99	60
262.4	 78.7	101	59
263.2	 75.0	102	60
264.0	 82.0	100	61
264.7	 82.4	102	64
265.4	 78.1	105	63
266.2	 78.7	106	63
267.0	 82.6	103	63
267.7	 82.6	104	65
268.4	 78.1	108	65
269.2	 76.7	109	65
270.0	 81.1	106	64
270.7	 81.5	105	65
271.4	 78.3	107	66
272.2	 76.9	107	63
273.0	 80.4	106	62
273.7	 82.9	104	64
274.5	 77.3	105	64
275.2	 77.3	108	63
276.0	 80.4	108	64
276.8	 80.9	106	66
277.5	 75.2	108	65
278.3	 74.3	107	63
279.1	 79.8	103	62
279.9	 81.3	103	63
280.6	 77.3	106	63
281.4	 78.3	105	62
282.1	 82.9	104	63
282.9	 84.5	105	64
283.6	 80.6	109	66
284.3	 78.5	109	65
285.1	 79.4	108	65
285.8	 82.4	107	66
286.6	 79.2	109	67
287.3	 73.3	109	65
288.1	 77.1	106	63
288.9	 77.7	103	63
289.7	 79.4	104	63
290.4	 76.3	104	61
291.2	 80.0	103	60
292.0	 83.8	101	61
292.7	 81.5	104	63
293.4	 76.9	107	64
294.2	 75.4	106	63
295.0	 77.5	104	62
295.8	 80.4	103	63
296.5	 68.8	105	63
297.4	 69.4	103	59
298.3	 74.4	100	58
