  0.2	100.0	134	92	  0.7	 9.86
  0.8	100.0	131	92	  4.9	 9.82
  1.4	101.0	129	90	  8.4	18.42
  2.0	102.0	127	90	 11.3	10.93
  2.6	102.4	129	89	 14.1	25.23
  3.1	102.0	131	89	 16.9	19.15
  3.7	 99.7	133	91	 20.1	15.76
  4.3	 99.3	134	92	 23.4	18.45
  4.9	100.0	132	91	 26.4	21.74
  5.5	 99.7	129	91	 28.6	19.78
  6.1	 99.7	128	91	 30.9	20.03
  6.7	100.3	129	89	 33.0	14.44
  7.3	 99.3	131	89	 35.7	11.38
  8.0	 98.0	131	90	 38.5	12.33
  8.6	 99.7	129	88	 41.3	 8.56
  9.2	100.3	127	88	 44.9	15.96
  9.8	101.7	127	88	 47.8	16.88
 10.4	101.7	128	88	 51.2	 6.45
 10.9	102.4	130	88	 58.0	14.70
 11.5	102.7	129	88	 60.9	15.80
 12.1	103.1	128	88	 64.1	13.58
 12.7	103.4	128	88	 67.2	10.96
 13.3	102.4	131	90	 71.6	12.18
 13.9	101.7	132	92	 74.3	14.65
 14.4	102.0	130	90	 78.8	14.40
 15.0	102.7	129	90	 83.3	16.81
 15.6	103.1	128	90	 87.0	 9.73
 16.2	102.4	130	90	 90.2	21.55
 16.8	102.4	131	90	 92.9	11.17
 17.4	102.4	129	88	 95.8	 8.37
 18.0	103.1	127	88	100.8	11.27
 18.5	103.8	127	88	104.7	11.83
 19.1	102.7	129	88	108.1	12.52
 19.7	102.0	129	88	111.5	14.39
 20.3	103.1	128	87	114.2	13.78
 20.9	103.1	126	87	116.4	15.34
 21.5	103.8	125	87	119.6	12.64
 22.0	102.7	127	87	123.2	12.86
 22.6	101.0	129	88	126.8	14.64
 23.2	101.0	129	89	129.5	 6.17
 23.8	101.7	128	87	135.6	15.35
 24.4	102.4	125	87	138.8	23.58
 25.0	102.4	125	87	141.4	15.48
 25.6	101.7	127	87	144.0	14.43
 26.2	100.7	128	88	146.9	15.83
 26.8	101.4	126	86	150.0	13.06
 27.3	101.7	125	87	153.5	16.79
 27.9	101.4	126	87	156.6	13.71
 28.5	102.4	125	87	159.8	11.90
 29.1	104.2	124	86	163.0	10.06
 29.7	104.2	123	87	166.7	11.14
 30.3	104.2	125	86	170.1	21.31
 30.8	104.5	125	87	172.8	42.48
 31.4	104.9	125	87	176.9	11.20
 32.0	103.1	125	88	182.7	10.19
 32.6	103.4	124	88	186.4	11.57
 33.2	103.1	126	86	189.3	10.27
 33.7	103.1	124	87	191.9	10.69
 34.3	102.7	124	87	194.0	 7.84
 34.9	102.7	126	87	196.7	20.77
 35.5	102.4	126	87	199.1	19.05
 36.1	102.7	124	86	201.3	16.90
 36.7	102.7	123	87	203.7	14.37
 37.2	102.0	123	87	206.2	13.17
 37.8	102.4	123	86	208.7	12.02
 38.4	102.7	122	86	211.2	13.28
 39.0	104.2	120	85	213.7	14.74
 39.6	104.2	119	85	217.1	11.61
 40.1	104.5	121	85	220.5	 9.68
 40.7	104.2	122	86	224.2	15.95
 41.3	105.3	122	86	227.8	20.71
 41.9	104.5	121	86	230.8	14.20
 42.4	104.2	120	86	233.8	10.64
 43.0	104.2	122	87	237.5	15.45
 43.6	104.2	124	88	240.7	10.87
 44.2	102.7	124	89	243.8	10.69
 44.8	102.4	124	89	246.8	15.70
 45.3	103.8	121	87	249.6	14.58
 45.9	104.5	119	87	252.4	14.92
 46.5	104.5	121	86	255.0	15.68
 47.1	103.4	123	87	258.2	15.72
 47.6	102.4	123	88	261.0	34.82
 48.2	103.1	122	85	266.3	15.01
 48.8	104.2	120	85	270.5	14.19
 49.4	104.9	119	85	274.3	15.68
 50.0	104.5	120	85	277.1	22.42
 50.5	104.5	122	85	278.9	21.65
 51.1	103.4	121	85	285.7	19.07
 51.7	104.2	119	84	290.2	13.75
 52.3	104.5	117	84	294.4	13.38
 52.8	105.3	117	83
 53.4	104.5	118	83
 54.0	104.9	120	84
 54.6	104.9	120	85
 55.1	103.8	119	85
 55.7	104.2	118	85
 56.3	104.5	118	85
 56.9	104.2	117	85
 57.4	105.3	117	84
 58.0	106.0	116	85
 58.6	107.1	115	84
 59.1	106.8	116	84
 59.7	106.0	118	85
 60.3	104.9	121	86
 60.8	103.8	121	88
 61.4	104.5	121	86
 62.0	104.9	119	87
 62.6	105.3	119	86
 63.1	104.5	121	86
 63.7	103.8	121	87
 64.3	103.8	120	86
 64.9	104.2	118	85
 65.4	104.5	118	85
 66.0	103.4	120	85
 66.6	103.4	122	86
 67.2	102.7	121	86
 67.7	104.5	119	85
 68.3	105.6	116	84
 68.9	105.6	116	84
 69.5	105.3	118	84
 70.0	104.2	122	85
 70.6	103.4	123	87
 71.2	103.4	123	87
 71.8	103.1	122	87
 72.3	104.2	121	87
 72.9	105.3	121	88
 73.5	104.9	123	88
 74.1	103.8	124	89
 74.6	104.9	124	88
 75.2	106.0	122	89
 75.8	105.6	122	89
 76.3	106.0	125	89
 76.9	106.4	126	89
 77.5	107.5	125	89
 78.0	108.3	123	89
 78.6	107.9	123	88
 79.1	108.7	123	87
 79.7	109.5	121	86
 80.2	108.3	120	86
 80.8	106.4	120	84
 81.4	104.9	121	84
 81.9	103.8	122	84
 82.5	103.1	120	84
 83.1	104.2	119	83
 83.7	105.3	115	81
 84.2	107.1	113	81
 84.8	107.1	112	81
 85.4	108.3	114	81
 85.9	107.1	118	82
 86.5	105.6	120	85
 87.0	104.5	120	85
 87.6	103.4	120	85
 88.2	102.0	119	86
 88.8	100.0	121	86
 89.4	 99.7	122	87
 90.0	 98.7	121	87
 90.6	100.3	120	85
 91.2	102.0	117	85
 91.8	102.4	117	85
 92.4	101.7	120	85
 93.0	100.7	121	85
 93.6	100.3	120	85
 94.2	 99.3	120	85
 94.8	 98.4	122	85
 95.4	 98.4	122	85
 96.0	 98.4	120	85
 96.6	100.3	118	84
 97.2	100.7	116	83
 97.8	101.4	118	83
 98.4	100.3	119	83
 99.0	101.0	119	84
 99.6	102.4	118	84
100.1	103.4	116	84
100.7	104.9	116	85
101.3	104.9	115	84
101.9	106.8	116	86
102.4	106.4	117	86
103.0	106.0	121	87
103.6	105.6	123	89
104.1	104.9	124	90
104.7	103.4	123	91
105.3	104.5	123	90
105.9	104.9	122	90
106.4	104.2	123	89
107.0	104.2	125	89
107.6	102.7	124	90
108.2	103.4	122	88
108.7	103.4	121	87
109.3	103.4	119	87
109.9	104.2	120	86
110.5	102.7	122	85
111.1	102.4	122	86
111.7	103.4	120	85
112.2	104.2	119	85
112.8	105.3	118	85
113.4	104.9	120	86
114.0	106.0	121	87
114.5	106.4	120	88
115.1	107.5	120	89
115.6	107.1	121	90
116.2	106.0	122	90
116.8	106.4	122	89
117.3	106.0	122	89
117.9	106.0	123	89
118.5	106.0	125	90
119.0	105.6	126	91
119.6	105.6	125	90
120.2	106.8	123	89
120.7	107.9	121	89
121.3	107.9	121	88
121.8	107.5	123	88
122.4	107.5	125	89
123.0	107.1	125	90
123.5	107.9	124	90
124.1	107.9	123	90
124.6	107.9	124	90
125.2	107.5	127	90
125.7	106.8	130	92
126.3	106.0	129	93
126.9	105.6	127	92
127.4	105.3	125	90
128.0	106.8	124	89
128.6	106.8	124	88
129.1	105.6	124	88
129.7	106.8	122	87
130.3	106.0	120	86
130.8	107.1	119	85
131.4	107.1	118	84
131.9	107.5	118	85
132.5	107.5	118	85
133.1	107.1	118	85
133.6	107.1	118	86
134.2	107.9	118	86
134.7	107.5	118	86
135.3	107.5	118	86
135.9	107.9	117	85
136.4	109.5	117	85
137.0	109.5	117	86
137.5	108.7	120	87
138.1	106.8	124	89
138.6	104.5	125	91
139.2	104.5	125	90
139.8	103.4	124	90
140.3	102.4	124	90
140.9	 99.7	126	90
141.5	 99.3	126	89
142.1	 98.4	124	88
142.7	 96.8	123	88
143.4	 96.5	124	86
144.0	 97.7	122	85
144.6	 99.0	120	83
145.2	101.4	117	83
145.8	101.4	117	82
146.4	100.0	118	82
147.0	 99.3	118	82
147.6	100.0	117	81
148.2	100.3	114	81
148.8	100.7	115	81
149.4	 99.3	118	82
150.0	100.7	117	82
150.6	100.7	115	81
151.2	101.7	114	82
151.8	102.0	115	82
152.4	100.0	117	83
153.0	100.3	118	84
153.6	100.7	116	84
154.2	101.4	115	83
154.8	102.0	113	83
155.3	101.7	116	83
155.9	 99.7	118	85
156.5	 99.7	119	85
157.1	 99.7	118	84
157.7	101.7	116	83
158.3	102.0	115	83
158.9	103.4	117	83
159.5	103.4	118	84
160.1	104.5	117	84
160.6	104.5	116	85
161.2	105.3	116	85
161.8	104.2	118	86
162.4	104.2	120	87
162.9	102.7	120	88
163.5	102.7	120	87
164.1	101.4	119	88
164.7	101.7	122	87
165.3	100.3	123	89
165.9	 99.7	123	88
166.5	 99.7	122	88
167.1	100.0	119	86
167.7	101.7	117	85
168.3	103.1	116	84
168.9	101.7	117	83
169.5	103.4	118	84
170.0	103.1	117	85
170.6	105.3	116	84
171.2	105.3	115	85
171.8	106.0	117	85
172.3	105.3	120	87
172.9	104.9	119	87
173.5	107.5	120	85
174.0	108.3	116	87
174.6	106.8	113	87
175.1	104.9	121	86
175.7	 99.7	126	89
176.3	 96.8	130	90
176.9	 95.5	131	90
177.6	 95.2	130	90
178.2	 97.1	126	88
178.8	 99.3	123	86
179.4	101.4	119	84
180.0	103.1	120	83
180.6	102.4	123	83
181.2	100.3	124	84
181.8	 98.4	123	85
182.4	 97.4	122	86
183.0	 95.8	120	85
183.6	 96.5	118	84
184.2	 96.5	116	83
184.9	 96.2	117	82
185.5	 94.0	118	83
186.1	 93.5	118	83
186.8	 94.3	116	81
187.4	 95.8	113	81
188.0	 96.5	113	80
188.7	 96.8	114	79
189.3	 98.0	114	80
189.9	 98.7	113	80
190.5	 99.0	113	80
191.1	 99.3	115	81
191.7	100.0	115	82
192.3	 99.7	114	82
192.9	100.3	114	83
193.5	102.4	115	84
194.1	104.2	116	85
194.7	104.2	116	86
195.2	102.4	117	86
195.8	101.4	120	86
196.4	 98.7	120	87
197.0	 99.0	119	85
197.6	 99.0	117	85
198.2	 98.7	117	83
198.9	 96.5	118	84
199.5	 99.3	117	81
200.1	100.0	115	81
200.7	 99.7	117	81
201.3	101.0	116	81
201.9	102.7	116	80
202.5	103.4	115	82
203.0	102.0	117	82
203.6	102.0	117	83
204.2	101.7	116	82
204.8	102.4	116	83
205.4	101.7	117	83
206.0	100.7	118	84
206.6	101.4	117	83
207.2	101.4	116	84
207.8	101.4	117	84
208.4	100.7	118	85
208.9	102.0	117	83
209.5	102.4	115	83
210.1	102.7	117	83
210.7	101.7	117	83
211.3	101.4	117	83
211.9	101.4	117	83
212.5	101.0	117	84
213.1	100.0	119	84
213.7	100.0	119	85
214.3	101.4	118	83
214.9	102.7	116	83
215.4	102.7	117	83
216.0	102.4	120	83
216.6	101.4	120	85
217.2	101.7	119	84
217.8	102.0	117	83
218.4	102.0	116	83
219.0	102.0	118	83
219.6	102.0	119	83
220.2	101.0	118	84
220.7	101.0	116	82
221.3	101.4	115	81
221.9	102.0	114	81
222.5	101.0	116	81
223.1	100.3	117	82
223.7	100.0	116	82
224.3	100.3	115	82
224.9	101.4	113	81
225.5	102.4	112	81
226.1	103.8	113	82
226.7	103.4	116	83
227.2	101.7	118	85
227.8	100.3	118	86
228.4	102.4	118	85
229.0	102.4	116	86
229.6	102.4	119	86
230.2	100.7	121	87
230.8	100.3	121	87
231.4	100.3	120	86
232.0	 99.7	119	86
232.6	 99.0	121	84
233.2	 99.7	121	85
233.8	 99.3	119	84
234.4	 99.3	118	83
235.0	100.7	115	82
235.6	101.4	116	82
236.2	101.0	117	82
236.8	100.0	118	83
237.4	100.7	118	83
238.0	102.0	115	82
238.6	103.1	114	82
239.2	104.2	114	82
239.7	103.1	117	83
240.3	102.4	120	85
240.9	102.0	119	85
241.5	102.0	119	86
242.1	101.4	119	86
242.7	 98.7	121	87
243.3	 97.7	121	87
243.9	 99.0	119	86
244.5	100.0	117	85
245.1	101.0	115	84
245.7	101.7	117	82
246.3	101.0	117	83
246.9	103.1	116	82
247.5	104.2	114	81
248.0	104.5	113	82
248.6	104.9	115	82
249.2	104.5	117	84
249.7	103.4	117	85
250.3	103.8	117	85
250.9	104.2	116	86
251.5	103.8	118	86
252.1	102.7	120	87
252.6	102.7	119	86
253.2	102.4	118	86
253.8	103.4	118	86
254.4	102.0	119	86
255.0	103.1	118	85
255.6	104.5	117	84
256.1	104.2	116	84
256.7	105.3	117	84
257.3	103.4	120	85
257.9	103.1	122	87
258.4	102.0	121	86
259.0	102.7	120	86
259.6	102.7	118	86
260.2	102.0	120	85
260.8	100.3	122	86
261.4	102.4	120	83
262.0	104.9	117	83
262.5	105.6	110	80
263.1	104.9	107	81
263.7	104.9	114	78
264.3	105.3	117	80
264.8	102.4	123	82
265.4	101.0	123	84
266.0	100.3	123	84
266.6	101.0	121	84
267.2	101.7	119	82
267.8	103.1	117	81
268.4	104.2	115	81
268.9	104.5	117	81
269.5	103.4	120	83
270.1	102.7	120	85
270.7	104.2	119	84
271.3	104.2	117	85
271.8	104.9	117	86
272.4	103.8	119	86
273.0	101.4	122	87
273.6	 98.7	123	89
274.2	 96.8	122	89
274.8	 96.8	120	86
275.4	 97.7	118	86
276.0	 98.4	119	84
276.7	 94.6	120	84
277.3	 95.5	119	82
277.9	 98.0	117	81
278.5	 96.5	117	81
279.1	 97.7	117	79
279.8	100.0	117	80
280.4	101.0	114	80
281.0	100.7	111	81
281.6	101.4	113	77
282.1	 99.3	117	77
282.7	 96.5	121	79
283.4	 94.9	123	81
284.0	 93.8	123	82
284.6	 94.3	122	83
285.3	 94.9	120	83
285.9	 97.1	116	81
286.5	100.7	115	78
287.1	102.7	112	79
287.7	103.4	114	78
288.3	102.7	117	80
288.9	101.0	118	82
289.5	 98.7	118	82
290.1	 99.0	117	83
290.7	100.7	116	82
291.3	101.4	114	83
291.9	102.0	114	83
292.5	100.3	117	83
293.1	 99.3	119	84
293.7	 96.2	120	85
294.3	 96.5	119	84
294.9	 98.7	117	83
295.5	 98.4	115	82
296.1	100.3	114	82
296.7	100.0	115	81
297.3	 99.7	117	81
297.9	100.3	117	82
